17 0.959375 0.4765625 0.0796875 0.134375
17 0.92109375 0.5140625 0.1390625 0.1328125
29 0.84921875 0.553125 0.128125 0.125
33 0.78046875 0.59140625 0.125 0.121875
8 0.7125 0.628125 0.1171875 0.1171875
12 0.6421875 0.665625 0.1109375 0.115625
16 0.5765625 0.7015625 0.1109375 0.1140625
24 0.51015625 0.7375 0.1140625 0.1171875
28 0.4484375 0.7734375 0.1171875 0.1171875
32 0.3859375 0.8078125 0.1171875 0.1140625
30 0.325 0.8390625 0.11875 0.1171875
30 0.2625 0.8734375 0.121875 0.1171875
30 0.20546875 0.90234375 0.1265625 0.11875