4 0.0890625 0.3390625 0.1078125 0.0890625
8 0.16875 0.34765625 0.10625 0.0859375
25 0.2421875 0.35078125 0.0984375 0.084375
21 0.315625 0.35703125 0.09375 0.0828125
29 0.39140625 0.3609375 0.0859375 0.0859375
29 0.4640625 0.36640625 0.08125 0.0859375
29 0.53515625 0.371875 0.0828125 0.0828125
30 0.603125 0.3765625 0.0828125 0.0828125
30 0.671875 0.38125 0.090625 0.0828125
18 0.73984375 0.38671875 0.0953125 0.0796875
26 0.80703125 0.39140625 0.090625 0.0796875
6 0.8734375 0.3953125 0.0953125 0.0796875
22 0.93671875 0.40234375 0.0984375 0.0796875