17 0.61171875 0.04375 0.1140625 0.0859375
17 0.63046875 0.10078125 0.1125 0.125
29 0.646875 0.1796875 0.109375 0.1140625
33 0.66484375 0.25546875 0.10625 0.1109375
8 0.68125 0.33046875 0.103125 0.1015625
12 0.6984375 0.409375 0.103125 0.09375
16 0.71484375 0.4828125 0.1015625 0.096875
24 0.73125 0.55546875 0.103125 0.1
28 0.7484375 0.625 0.103125 0.103125
32 0.76484375 0.69453125 0.0984375 0.1046875
30 0.778125 0.7625 0.1015625 0.10625
30 0.79296875 0.83125 0.1 0.109375
30 0.80625 0.8953125 0.1015625 0.1140625