4 0.4265625 0.06484375 0.1171875 0.1265625
8 0.46015625 0.1375 0.1140625 0.1234375
25 0.4953125 0.2015625 0.109375 0.1171875
21 0.528125 0.26875 0.10625 0.1140625
29 0.56328125 0.334375 0.10625 0.10625
29 0.5953125 0.4 0.103125 0.1015625
29 0.628125 0.4640625 0.1015625 0.1015625
30 0.65859375 0.525 0.103125 0.103125
30 0.690625 0.58515625 0.1046875 0.109375
18 0.7203125 0.64765625 0.103125 0.1109375
26 0.75078125 0.7078125 0.103125 0.109375
6 0.78203125 0.765625 0.103125 0.1109375
22 0.809375 0.82421875 0.10625 0.115625