18 0.25 0.8765625 0.1140625 0.0984375
18 0.26484375 0.7984375 0.109375 0.096875
18 0.2875 0.71875 0.109375 0.1
34 0.30390625 0.6453125 0.1109375 0.09375
34 0.32109375 0.571875 0.1109375 0.0921875
34 0.3375 0.49921875 0.109375 0.0875
3 0.3484375 0.42421875 0.1078125 0.090625
3 0.2640625 0.440625 0.0921875 0.1140625
10 0.35703125 0.35234375 0.10625 0.0890625
10 0.37265625 0.28125 0.10625 0.0921875
10 0.38984375 0.2125 0.10625 0.09375
20 0.40703125 0.1390625 0.103125 0.0984375
20 0.41875 0.07109375 0.0984375 0.0984375
20 0.4328125 0.0265625 0.1015625 0.053125