11 0.9046875 0.4296875 0.15 0.1390625
23 0.86171875 0.3515625 0.1578125 0.146875
27 0.81953125 0.2703125 0.1625 0.15
23 0.7734375 0.1859375 0.165625 0.15625
27 0.80234375 0.49609375 0.1515625 0.140625
31 0.75703125 0.42265625 0.153125 0.1421875
11 0.7125 0.340625 0.1578125 0.146875
27 0.66484375 0.25546875 0.1671875 0.15625
27 0.696875 0.565625 0.153125 0.140625
11 0.6515625 0.4875 0.15625 0.1453125
19 0.60390625 0.409375 0.1578125 0.146875
15 0.55390625 0.3296875 0.1640625 0.15625
11 0.5984375 0.63359375 0.15 0.1421875
19 0.546875 0.5578125 0.15 0.140625
19 0.496875 0.4796875 0.15625 0.14375
15 0.44453125 0.4015625 0.1609375 0.15
23 0.4984375 0.70546875 0.153125 0.140625
15 0.44375 0.628125 0.15625 0.14375
7 0.390625 0.5515625 0.1609375 0.1484375
31 0.3359375 0.47421875 0.1640625 0.153125
7 0.390625 0.76640625 0.15 0.1390625
7 0.3390625 0.696875 0.15625 0.14375
19 0.284375 0.621875 0.1609375 0.15
23 0.22578125 0.54375 0.1609375 0.153125
31 0.28984375 0.8359375 0.15 0.1375
7 0.2359375 0.7671875 0.1546875 0.14375
31 0.17734375 0.6921875 0.1640625 0.15
15 0.11875 0.61640625 0.1640625 0.153125