4 0.378125 0.040625 0.1515625 0.08125
8 0.4109375 0.07734375 0.15625 0.1546875
25 0.44296875 0.14765625 0.1484375 0.1546875
21 0.4734375 0.22109375 0.1546875 0.1578125
29 0.50859375 0.2953125 0.1515625 0.1546875
29 0.5421875 0.36640625 0.15625 0.1578125
29 0.5734375 0.43671875 0.15 0.15
30 0.60234375 0.50859375 0.1484375 0.1484375
30 0.634375 0.575 0.153125 0.1515625
18 0.665625 0.64140625 0.153125 0.15
26 0.696875 0.709375 0.153125 0.15
6 0.72421875 0.77578125 0.1515625 0.15
22 0.75625 0.83984375 0.153125 0.1484375