18 0.21796875 0.853125 0.1171875 0.1046875
18 0.240625 0.7765625 0.115625 0.1015625
18 0.26953125 0.69921875 0.1140625 0.10625
34 0.2921875 0.628125 0.115625 0.1
34 0.315625 0.55625 0.115625 0.0984375
34 0.3390625 0.48515625 0.1140625 0.0953125
3 0.35546875 0.41171875 0.1109375 0.096875
3 0.2703125 0.4203125 0.0984375 0.11875
10 0.3703125 0.340625 0.109375 0.09375
10 0.39140625 0.27109375 0.1109375 0.0984375
10 0.41484375 0.20390625 0.109375 0.0984375
20 0.4390625 0.13203125 0.109375 0.1046875
20 0.45625 0.065625 0.103125 0.103125
20 0.47578125 0.02578125 0.1046875 0.0515625