8 0.04609375 0.54765625 0.0921875 0.1234375
12 0.09609375 0.5109375 0.121875 0.11875
12 0.16328125 0.475 0.1171875 0.1140625
20 0.2296875 0.4390625 0.1125 0.1109375
28 0.29375 0.40078125 0.10625 0.109375
32 0.3609375 0.36328125 0.1015625 0.103125
22 0.42109375 0.32890625 0.1078125 0.10625
26 0.48515625 0.290625 0.1109375 0.109375
30 0.55234375 0.25390625 0.109375 0.1078125
21 0.6140625 0.2203125 0.115625 0.1125
29 0.6765625 0.18125 0.1171875 0.1140625
25 0.73671875 0.14765625 0.121875 0.1171875
33 0.79765625 0.11328125 0.121875 0.1171875