8 0.7171875 0.07890625 0.0890625 0.103125
12 0.7125 0.15546875 0.0890625 0.096875
12 0.7046875 0.23125 0.0859375 0.0921875
20 0.69765625 0.30625 0.0859375 0.0859375
28 0.69609375 0.38046875 0.084375 0.08125
32 0.68984375 0.45859375 0.08125 0.078125
22 0.68671875 0.5265625 0.078125 0.0859375
26 0.68359375 0.60234375 0.0828125 0.0859375
30 0.678125 0.678125 0.08125 0.0859375
21 0.67265625 0.7484375 0.084375 0.0921875
29 0.67109375 0.82109375 0.0859375 0.0921875
25 0.6671875 0.88984375 0.084375 0.0984375
33 0.66328125 0.9546875 0.0859375 0.0875