23 0.08515625 0.53203125 0.15 0.1265625
27 0.109375 0.43359375 0.15 0.11875
23 0.13359375 0.34296875 0.1453125 0.1140625
11 0.15234375 0.253125 0.1421875 0.1109375
27 0.2203125 0.5515625 0.153125 0.125
11 0.24296875 0.4546875 0.15 0.121875
31 0.2625 0.36171875 0.14375 0.1140625
27 0.28046875 0.2734375 0.1453125 0.109375
15 0.35703125 0.571875 0.1484375 0.125
19 0.3765625 0.47578125 0.1421875 0.1171875
11 0.39140625 0.38359375 0.1421875 0.1140625
27 0.40703125 0.2921875 0.1390625 0.1109375
15 0.48828125 0.590625 0.146875 0.121875
19 0.503125 0.4953125 0.140625 0.1171875
19 0.5171875 0.40546875 0.140625 0.1109375
11 0.53046875 0.31171875 0.1375 0.109375
31 0.6203125 0.6125 0.146875 0.1203125
7 0.63125 0.51484375 0.140625 0.1171875
15 0.6421875 0.42265625 0.1359375 0.1109375
23 0.65234375 0.3296875 0.134375 0.109375
23 0.75 0.6328125 0.140625 0.1171875
19 0.75703125 0.534375 0.140625 0.1171875
7 0.7640625 0.44375 0.140625 0.1140625
7 0.771875 0.35546875 0.1375 0.10625
15 0.87421875 0.64765625 0.1453125 0.121875
31 0.8828125 0.553125 0.1421875 0.1171875
7 0.88671875 0.4625 0.134375 0.1125
31 0.890625 0.375 0.1375 0.10625