17 0.4765625 0.040625 0.134375 0.08125
17 0.5140625 0.0796875 0.1328125 0.1390625
29 0.553125 0.1515625 0.125 0.128125
33 0.59140625 0.21953125 0.121875 0.125
8 0.628125 0.2875 0.1171875 0.1171875
12 0.665625 0.3578125 0.115625 0.1109375
16 0.7015625 0.4234375 0.1140625 0.1109375
24 0.7375 0.48984375 0.1171875 0.1140625
28 0.7734375 0.5515625 0.1171875 0.1171875
32 0.8078125 0.6140625 0.1140625 0.1171875
30 0.8390625 0.675 0.1171875 0.11875
30 0.8734375 0.7375 0.1171875 0.121875
30 0.90234375 0.7953125 0.11875 0.1265625