17 0.4734375 0.96015625 0.128125 0.078125
17 0.4421875 0.9171875 0.1265625 0.134375
29 0.4125 0.8421875 0.11875 0.1234375
33 0.38046875 0.7703125 0.1171875 0.1203125
8 0.35078125 0.6984375 0.1140625 0.1125
12 0.32109375 0.62421875 0.1125 0.10625
16 0.29140625 0.55546875 0.1109375 0.10625
24 0.2625 0.4859375 0.1125 0.1109375
28 0.234375 0.4203125 0.1140625 0.1140625
32 0.20625 0.3546875 0.109375 0.1140625
30 0.18203125 0.290625 0.1125 0.115625
30 0.1546875 0.225 0.1109375 0.1171875
30 0.13125 0.16484375 0.1140625 0.1234375