8 0.75703125 0.89921875 0.1296875 0.125
12 0.69296875 0.85625 0.125 0.121875
12 0.63046875 0.81171875 0.11875 0.1171875
20 0.56953125 0.76875 0.1140625 0.1140625
28 0.50625 0.7296875 0.109375 0.109375
32 0.44140625 0.6859375 0.103125 0.1046875
22 0.38359375 0.6484375 0.109375 0.1078125
26 0.32109375 0.6078125 0.1125 0.1109375
30 0.25703125 0.565625 0.109375 0.109375
21 0.19921875 0.52578125 0.1171875 0.1140625
29 0.13671875 0.48828125 0.1171875 0.115625
25 0.0796875 0.45 0.121875 0.1171875
33 0.040625 0.41015625 0.08125 0.1203125