8 0.10859375 0.23359375 0.1109375 0.1
12 0.18359375 0.2484375 0.10625 0.0984375
12 0.25859375 0.2640625 0.1015625 0.0953125
20 0.33203125 0.28046875 0.0953125 0.09375
28 0.40546875 0.290625 0.090625 0.0921875
32 0.48125 0.30625 0.0859375 0.0890625
22 0.54921875 0.31875 0.09375 0.0875
26 0.6234375 0.33125 0.0953125 0.0921875
30 0.69765625 0.34453125 0.09375 0.090625
21 0.7671875 0.35859375 0.1015625 0.09375
29 0.8390625 0.3703125 0.1015625 0.09375
25 0.90703125 0.38203125 0.1078125 0.0953125
33 0.9609375 0.3953125 0.0765625 0.096875