18 0.328125 0.0828125 0.125 0.125
18 0.384375 0.13828125 0.1234375 0.121875
18 0.43828125 0.2015625 0.1234375 0.121875
34 0.490625 0.25625 0.121875 0.1203125
34 0.540625 0.31171875 0.1203125 0.11875
34 0.5921875 0.36640625 0.1171875 0.1171875
3 0.6484375 0.41640625 0.1171875 0.1171875
3 0.68125 0.3375 0.121875 0.121875
10 0.703125 0.4640625 0.115625 0.1140625
10 0.753125 0.51640625 0.1171875 0.1171875
10 0.80078125 0.56953125 0.1171875 0.1171875
20 0.8515625 0.625 0.11875 0.11875
20 0.9015625 0.67265625 0.115625 0.115625
20 0.94453125 0.71953125 0.109375 0.1109375