4 0.93828125 0.4640625 0.121875 0.1109375
8 0.865625 0.4921875 0.121875 0.1078125
25 0.79765625 0.521875 0.1140625 0.1046875
21 0.72890625 0.5484375 0.1109375 0.1015625
29 0.659375 0.57734375 0.1015625 0.1015625
29 0.5921875 0.60390625 0.0984375 0.1015625
29 0.525 0.63125 0.0984375 0.0984375
30 0.46171875 0.65546875 0.1 0.0984375
30 0.3984375 0.68203125 0.10625 0.1015625
18 0.334375 0.70703125 0.109375 0.1
26 0.27265625 0.73203125 0.10625 0.0984375
6 0.21171875 0.7578125 0.109375 0.1
22 0.15078125 0.7796875 0.1125 0.1015625