11 0.48671875 0.090625 0.1296875 0.146875
23 0.403125 0.121875 0.1375 0.1546875
27 0.31640625 0.153125 0.1390625 0.159375
23 0.2265625 0.18671875 0.146875 0.1625
27 0.53828125 0.20078125 0.13125 0.15
31 0.45859375 0.23515625 0.1328125 0.15
11 0.371875 0.2671875 0.1375 0.15625
27 0.2796875 0.303125 0.1453125 0.165625
27 0.5921875 0.3140625 0.1328125 0.15
11 0.509375 0.3484375 0.1359375 0.1546875
19 0.425 0.384375 0.1375 0.15625
15 0.3390625 0.4234375 0.146875 0.1609375
11 0.646875 0.42109375 0.134375 0.1484375
19 0.56328125 0.4625 0.1328125 0.1484375
19 0.4796875 0.50078125 0.134375 0.153125
15 0.39609375 0.54140625 0.140625 0.1578125
23 0.70234375 0.53046875 0.1296875 0.15
15 0.61875 0.57421875 0.134375 0.1546875
7 0.5359375 0.61640625 0.1375 0.1578125
31 0.4515625 0.65859375 0.1453125 0.1609375
7 0.74921875 0.6453125 0.1296875 0.1484375
7 0.67265625 0.68671875 0.1328125 0.153125
19 0.590625 0.73046875 0.140625 0.1578125
23 0.50546875 0.778125 0.14375 0.1578125
31 0.80390625 0.75625 0.1265625 0.1484375
7 0.728125 0.7984375 0.134375 0.1515625
31 0.6453125 0.84765625 0.140625 0.1609375
15 0.5625 0.89375 0.1421875 0.1609375