5 0.74375 0.1390625 0.1109375 0.125
9 0.71953125 0.2109375 0.10625 0.11875
13 0.69296875 0.28125 0.1046875 0.1109375
8 0.67265625 0.3546875 0.1 0.1015625
12 0.64765625 0.4203125 0.103125 0.0984375
16 0.6203125 0.4890625 0.096875 0.0953125
28 0.59375 0.55546875 0.0984375 0.0953125
33 0.56875 0.621875 0.0984375 0.0984375
18 0.5453125 0.6875 0.0984375 0.103125
6 0.52265625 0.753125 0.1 0.109375
22 0.5 0.81640625 0.1015625 0.1109375
30 0.4734375 0.88125 0.109375 0.115625
21 0.44765625 0.94140625 0.1046875 0.115625