5 0.27578125 0.1265625 0.1328125 0.13125
9 0.33125 0.1796875 0.125 0.125
13 0.38359375 0.2328125 0.1203125 0.1203125
8 0.440625 0.2828125 0.1125 0.1125
12 0.490625 0.33359375 0.1125 0.1125
16 0.54140625 0.3859375 0.10625 0.10625
28 0.590625 0.4390625 0.1078125 0.1078125
33 0.63984375 0.4890625 0.109375 0.109375
18 0.6890625 0.53828125 0.1125 0.1109375
6 0.73984375 0.5875 0.1171875 0.1171875
22 0.7859375 0.634375 0.11875 0.11875
30 0.834375 0.684375 0.125 0.125
21 0.878125 0.73515625 0.121875 0.121875