17 0.6171875 0.9515625 0.1421875 0.0953125
17 0.565625 0.915625 0.140625 0.1421875
29 0.515625 0.85234375 0.13125 0.1328125
33 0.46484375 0.79375 0.1265625 0.128125
8 0.415625 0.73359375 0.121875 0.121875
12 0.36484375 0.67109375 0.1171875 0.1171875
16 0.3171875 0.61328125 0.1171875 0.1171875
24 0.26875 0.55625 0.1203125 0.1203125
28 0.221875 0.5015625 0.121875 0.121875
32 0.1765625 0.446875 0.11875 0.121875
30 0.134375 0.3921875 0.121875 0.1234375
30 0.0890625 0.33828125 0.1234375 0.125
30 0.05625 0.2875 0.1125 0.1296875