4 0.93359375 0.2453125 0.13125 0.134375
8 0.88671875 0.29765625 0.1578125 0.1375
25 0.82421875 0.34765625 0.15 0.1328125
21 0.7609375 0.39765625 0.1515625 0.1390625
29 0.70078125 0.4515625 0.1484375 0.1375
29 0.640625 0.503125 0.15 0.140625
29 0.58125 0.553125 0.140625 0.1390625
30 0.5203125 0.60078125 0.1375 0.1390625
30 0.46640625 0.65 0.140625 0.14375
18 0.409375 0.6984375 0.1375 0.1453125
26 0.35390625 0.746875 0.1375 0.14375
6 0.29765625 0.7921875 0.1359375 0.1453125
22 0.24375 0.840625 0.1328125 0.15