5 0.934375 0.46171875 0.1265625 0.1125
9 0.86328125 0.4890625 0.11875 0.1078125
13 0.7921875 0.5125 0.1109375 0.10625
8 0.72265625 0.5421875 0.1015625 0.1015625
12 0.6546875 0.56484375 0.1 0.1046875
16 0.584375 0.58671875 0.0953125 0.0984375
28 0.51484375 0.6078125 0.096875 0.0984375
33 0.44921875 0.63046875 0.1 0.0984375
18 0.38359375 0.653125 0.1046875 0.0984375
6 0.3171875 0.67734375 0.109375 0.1015625
22 0.2546875 0.6984375 0.1125 0.1015625
30 0.18828125 0.71953125 0.115625 0.109375
21 0.1234375 0.7375 0.1171875 0.10625