4 0.30859375 0.10234375 0.1265625 0.128125
8 0.36171875 0.1625 0.125 0.1265625
25 0.41328125 0.2140625 0.11875 0.11875
21 0.4625 0.26875 0.115625 0.1171875
29 0.51484375 0.32421875 0.1109375 0.1109375
29 0.56484375 0.37734375 0.109375 0.109375
29 0.6125 0.43046875 0.10625 0.10625
30 0.659375 0.4796875 0.109375 0.109375
30 0.70625 0.5296875 0.1125 0.1125
18 0.753125 0.58046875 0.1140625 0.1140625
26 0.7984375 0.63046875 0.1109375 0.1125
6 0.84453125 0.678125 0.1140625 0.1140625
22 0.8859375 0.7265625 0.1171875 0.1171875