18 0.19453125 0.8328125 0.121875 0.109375
18 0.2203125 0.7578125 0.1171875 0.1078125
18 0.25625 0.6828125 0.1171875 0.109375
34 0.2828125 0.6125 0.11875 0.1046875
34 0.3125 0.54375 0.1171875 0.1015625
34 0.340625 0.4734375 0.115625 0.1
3 0.3625 0.4015625 0.1140625 0.1015625
3 0.275 0.40390625 0.103125 0.1203125
10 0.38203125 0.33125 0.1125 0.0984375
10 0.4078125 0.2640625 0.1140625 0.103125
10 0.4359375 0.1984375 0.1125 0.103125
20 0.465625 0.1296875 0.1125 0.1078125
20 0.48671875 0.0640625 0.10625 0.10625
20 0.51015625 0.0265625 0.1078125 0.053125