4 0.746875 0.9359375 0.134375 0.1265625
8 0.69609375 0.88984375 0.1390625 0.159375
25 0.646875 0.8265625 0.134375 0.1515625
21 0.59765625 0.7625 0.140625 0.153125
29 0.54609375 0.7015625 0.1390625 0.1484375
29 0.49375 0.64140625 0.1421875 0.1515625
29 0.44609375 0.58125 0.1390625 0.1421875
30 0.39921875 0.51875 0.1390625 0.1390625
30 0.35078125 0.4640625 0.1453125 0.140625
18 0.303125 0.40625 0.1453125 0.1390625
26 0.25625 0.35 0.1453125 0.1390625
6 0.2125 0.2921875 0.1453125 0.1375
22 0.16484375 0.2390625 0.15 0.134375