5 0.7921875 0.8234375 0.1328125 0.125
9 0.72734375 0.7828125 0.125 0.11875
13 0.665625 0.740625 0.11875 0.1171875
8 0.60078125 0.703125 0.109375 0.109375
12 0.5421875 0.6625 0.109375 0.1109375
16 0.48125 0.61953125 0.103125 0.1046875
28 0.4234375 0.57734375 0.1046875 0.10625
33 0.365625 0.5375 0.1078125 0.10625
18 0.3078125 0.4984375 0.1109375 0.109375
6 0.24921875 0.4609375 0.115625 0.1109375
22 0.19375 0.4234375 0.11875 0.1140625
30 0.13828125 0.3828125 0.125 0.121875
21 0.084375 0.3421875 0.121875 0.1171875