4 0.3328125 0.90859375 0.090625 0.109375
8 0.3421875 0.82890625 0.0859375 0.1078125
25 0.34609375 0.75625 0.0859375 0.1
21 0.353125 0.68203125 0.084375 0.096875
29 0.359375 0.6078125 0.0859375 0.0875
29 0.365625 0.534375 0.0875 0.0828125
29 0.371875 0.46328125 0.084375 0.0828125
30 0.37890625 0.3953125 0.084375 0.0859375
30 0.38359375 0.32734375 0.084375 0.0921875
18 0.39140625 0.25859375 0.08125 0.0953125
26 0.39765625 0.19140625 0.0828125 0.0921875
6 0.4015625 0.12578125 0.08125 0.0953125
22 0.41015625 0.06171875 0.0828125 0.1