18 0.1625 0.2 0.109375 0.1203125
18 0.2375 0.22578125 0.10625 0.1171875
18 0.31328125 0.25859375 0.109375 0.115625
34 0.38359375 0.28515625 0.103125 0.1171875
34 0.45390625 0.31328125 0.1015625 0.1171875
34 0.52421875 0.33984375 0.0984375 0.115625
3 0.596875 0.36015625 0.1015625 0.1140625
3 0.59296875 0.27421875 0.11875 0.103125
10 0.6671875 0.37890625 0.0984375 0.1109375
10 0.734375 0.4046875 0.1015625 0.1140625
10 0.80078125 0.43046875 0.1015625 0.1109375
20 0.87109375 0.4578125 0.1078125 0.1109375
20 0.93671875 0.4796875 0.10625 0.10625
20 0.9734375 0.50234375 0.0515625 0.10625