4 0.96796875 0.5828125 0.0625 0.15625
8 0.92734375 0.5859375 0.14375 0.1625
25 0.84765625 0.58515625 0.1390625 0.153125
21 0.7671875 0.584375 0.1453125 0.15625
29 0.6859375 0.58828125 0.14375 0.1515625
29 0.6078125 0.5921875 0.146875 0.1546875
29 0.53046875 0.5921875 0.14375 0.1453125
30 0.45234375 0.590625 0.1421875 0.1421875
30 0.3796875 0.5953125 0.146875 0.1453125
18 0.30546875 0.59765625 0.1484375 0.1421875
26 0.23203125 0.6 0.1484375 0.1421875
6 0.159375 0.59921875 0.1484375 0.1421875
22 0.0875 0.603125 0.1515625 0.1390625