17 0.35625 0.953125 0.109375 0.0921875
17 0.34296875 0.88984375 0.10625 0.1203125
29 0.33125 0.81015625 0.1015625 0.109375
33 0.31953125 0.7328125 0.1 0.10625
8 0.30703125 0.65625 0.0984375 0.0984375
12 0.29609375 0.57734375 0.1 0.0890625
16 0.284375 0.503125 0.0984375 0.0921875
24 0.27265625 0.428125 0.0984375 0.0953125
28 0.2609375 0.3578125 0.0984375 0.0984375
32 0.25078125 0.2875 0.09375 0.1015625
30 0.2421875 0.21953125 0.0953125 0.1015625
30 0.23125 0.15 0.0953125 0.1046875
30 0.2234375 0.08515625 0.0953125 0.1109375