23 0.82578125 0.759375 0.165625 0.1703125
27 0.740625 0.815625 0.159375 0.1671875
23 0.6609375 0.86640625 0.153125 0.1609375
11 0.58671875 0.91875 0.1484375 0.1578125
27 0.740625 0.653125 0.1640625 0.171875
11 0.65703125 0.7078125 0.1609375 0.16875
31 0.5796875 0.7640625 0.153125 0.159375
27 0.50625 0.81640625 0.15 0.1578125
15 0.6546875 0.54609375 0.1625 0.16875
19 0.575 0.6015625 0.153125 0.1609375
11 0.50078125 0.66015625 0.1515625 0.1578125
27 0.4265625 0.715625 0.146875 0.1546875
15 0.57109375 0.44296875 0.159375 0.1640625
19 0.49453125 0.50234375 0.153125 0.159375
19 0.42265625 0.5578125 0.1484375 0.15625
11 0.35 0.61640625 0.146875 0.153125
31 0.4890625 0.3359375 0.1578125 0.1640625
7 0.41484375 0.4 0.153125 0.1578125
15 0.34375 0.46015625 0.146875 0.153125
23 0.27265625 0.521875 0.14375 0.15
23 0.4078125 0.23359375 0.153125 0.159375
19 0.33515625 0.3 0.1515625 0.1578125
7 0.26875 0.3609375 0.15 0.15625
7 0.203125 0.42109375 0.1421875 0.15
15 0.32734375 0.13671875 0.1578125 0.1640625
31 0.25625 0.2015625 0.153125 0.1609375
7 0.19140625 0.2640625 0.146875 0.1515625
31 0.12890625 0.3265625 0.1421875 0.15