23 0.16875 0.753125 0.1640625 0.1484375
27 0.1359375 0.65703125 0.1640625 0.140625
23 0.10703125 0.56796875 0.1578125 0.1359375
11 0.07578125 0.4828125 0.1515625 0.134375
27 0.29375 0.69609375 0.165625 0.1484375
11 0.26015625 0.60234375 0.1640625 0.1453125
31 0.225 0.51484375 0.15625 0.1375
27 0.1921875 0.4296875 0.1546875 0.1328125
15 0.41875 0.6390625 0.1625 0.146875
19 0.38359375 0.54765625 0.1546875 0.1375
11 0.34453125 0.46171875 0.153125 0.1359375
27 0.30859375 0.3765625 0.15 0.1328125
15 0.5390625 0.5828125 0.1609375 0.14375
19 0.49921875 0.49375 0.153125 0.1390625
19 0.4625 0.4109375 0.1515625 0.1328125
11 0.42265625 0.32578125 0.1484375 0.1328125
31 0.66171875 0.52890625 0.159375 0.1421875
7 0.61796875 0.4421875 0.153125 0.1375
15 0.57734375 0.35859375 0.1484375 0.1328125
23 0.53515625 0.27421875 0.146875 0.1296875
23 0.78203125 0.47578125 0.153125 0.1390625
19 0.734375 0.38984375 0.153125 0.1375
7 0.690625 0.30859375 0.153125 0.134375
7 0.64921875 0.23125 0.1484375 0.1265625
15 0.89453125 0.4203125 0.1578125 0.1421875
31 0.84921875 0.33671875 0.15625 0.1375
7 0.80390625 0.2578125 0.146875 0.1328125
31 0.759375 0.1828125 0.1484375 0.1265625