11 0.17265625 0.746875 0.1359375 0.15
23 0.2453125 0.79609375 0.14375 0.15625
27 0.32109375 0.85 0.1453125 0.1609375
23 0.39921875 0.9046875 0.153125 0.165625
27 0.23359375 0.63984375 0.1375 0.1515625
31 0.30703125 0.6859375 0.1375 0.1515625
11 0.38359375 0.73984375 0.14375 0.1578125
27 0.46484375 0.79375 0.153125 0.1671875
27 0.29453125 0.53203125 0.1375 0.1515625
11 0.3703125 0.5796875 0.1421875 0.1578125
19 0.4484375 0.628125 0.14375 0.15625
15 0.53046875 0.6765625 0.153125 0.1640625
11 0.35234375 0.42578125 0.1390625 0.15
19 0.4328125 0.4703125 0.1375 0.1484375
19 0.5125 0.51640625 0.140625 0.1546875
15 0.59375 0.56171875 0.146875 0.159375
23 0.40859375 0.31640625 0.1359375 0.153125
15 0.49296875 0.3609375 0.140625 0.15625
7 0.57421875 0.4046875 0.1453125 0.159375
31 0.6578125 0.45 0.15 0.1625
7 0.47734375 0.2125 0.1359375 0.15
7 0.55390625 0.2515625 0.140625 0.15625
19 0.6375 0.29453125 0.1484375 0.1609375
23 0.72421875 0.33671875 0.15 0.1609375
31 0.53515625 0.10625 0.1328125 0.15
7 0.6140625 0.14296875 0.140625 0.153125
31 0.70078125 0.18125 0.1484375 0.1625
15 0.7875 0.22421875 0.15 0.1640625