5 0.75078125 0.85625 0.1328125 0.1296875
9 0.6921875 0.80859375 0.125 0.1234375
13 0.63515625 0.75859375 0.1203125 0.11875
8 0.575 0.7140625 0.1109375 0.1109375
12 0.521875 0.66640625 0.1109375 0.1125
16 0.46796875 0.61640625 0.10625 0.10625
28 0.41484375 0.5671875 0.1078125 0.1078125
33 0.36171875 0.52109375 0.109375 0.109375
18 0.309375 0.475 0.1125 0.1109375
6 0.25546875 0.43046875 0.1171875 0.1140625
22 0.2046875 0.38671875 0.11875 0.1171875
30 0.15546875 0.3390625 0.125 0.125
21 0.1078125 0.29296875 0.1234375 0.121875