23 0.91328125 0.54765625 0.1640625 0.146875
27 0.871875 0.640625 0.1609375 0.1390625
23 0.8296875 0.72578125 0.15625 0.1328125
11 0.7953125 0.809375 0.153125 0.1296875
27 0.78515625 0.503125 0.1640625 0.1453125
11 0.74375 0.59296875 0.1609375 0.140625
31 0.7078125 0.68125 0.1546875 0.134375
27 0.67265625 0.765625 0.1546875 0.1296875
15 0.65546875 0.4578125 0.1609375 0.14375
19 0.61640625 0.546875 0.153125 0.134375
11 0.58515625 0.63671875 0.153125 0.1328125
27 0.55234375 0.721875 0.15 0.1296875
15 0.5296875 0.4140625 0.1578125 0.140625
19 0.49609375 0.50546875 0.153125 0.1359375
19 0.465625 0.590625 0.15 0.1296875
11 0.43515625 0.67890625 0.1484375 0.1296875
31 0.40390625 0.3671875 0.15625 0.1390625
7 0.375 0.4609375 0.153125 0.134375
15 0.346875 0.54921875 0.146875 0.1296875
23 0.31875 0.63828125 0.1453125 0.1265625
23 0.28046875 0.32265625 0.153125 0.1359375
19 0.2546875 0.4171875 0.1515625 0.134375
7 0.23046875 0.50546875 0.15 0.1328125
7 0.20625 0.590625 0.146875 0.125
15 0.1609375 0.28359375 0.1578125 0.140625
31 0.13515625 0.37578125 0.153125 0.134375
7 0.1140625 0.46328125 0.1453125 0.1296875
31 0.09375 0.54921875 0.146875 0.125