11 0.86953125 0.321875 0.1453125 0.15
23 0.80625 0.25859375 0.153125 0.1578125
27 0.74296875 0.19140625 0.15625 0.1609375
23 0.67578125 0.121875 0.1625 0.165625
27 0.7890625 0.4140625 0.146875 0.15
31 0.725 0.35390625 0.1484375 0.1515625
11 0.66015625 0.2875 0.1546875 0.1578125
27 0.590625 0.21953125 0.1640625 0.1671875
27 0.7078125 0.50859375 0.1484375 0.1515625
11 0.6421875 0.44609375 0.153125 0.15625
19 0.57578125 0.384375 0.153125 0.15625
15 0.50390625 0.321875 0.1625 0.165625
11 0.63203125 0.6015625 0.1484375 0.15
19 0.5609375 0.5421875 0.146875 0.1484375
19 0.49140625 0.4828125 0.15 0.1546875
15 0.4203125 0.42109375 0.15625 0.159375
23 0.5546875 0.69765625 0.146875 0.1515625
15 0.48125 0.63828125 0.1515625 0.15625
7 0.40859375 0.5796875 0.15625 0.159375
31 0.3359375 0.5203125 0.1609375 0.1640625
7 0.46796875 0.78671875 0.1453125 0.15
7 0.39921875 0.73359375 0.15 0.1546875
19 0.3265625 0.6765625 0.1578125 0.1609375
23 0.24921875 0.61875 0.1578125 0.1609375
31 0.38984375 0.88125 0.14375 0.1484375
7 0.32109375 0.8296875 0.15 0.153125
31 0.2421875 0.77421875 0.1578125 0.1625
15 0.165625 0.71640625 0.159375 0.1640625