23 0.803125 0.2140625 0.16875 0.1578125
27 0.8453125 0.30625 0.165625 0.15
23 0.884375 0.3921875 0.1609375 0.1453125
11 0.9234375 0.4734375 0.1515625 0.1421875
27 0.68515625 0.284375 0.16875 0.15625
11 0.728125 0.37421875 0.165625 0.153125
31 0.77265625 0.4578125 0.1578125 0.1453125
27 0.8140625 0.53828125 0.1578125 0.140625
15 0.5671875 0.3546875 0.1640625 0.1546875
19 0.6109375 0.440625 0.1578125 0.1453125
11 0.659375 0.52265625 0.15625 0.14375
27 0.70390625 0.603125 0.153125 0.140625
15 0.45234375 0.42265625 0.1640625 0.1515625
19 0.5015625 0.50625 0.1578125 0.1453125
19 0.546875 0.58515625 0.1546875 0.140625
11 0.5953125 0.66484375 0.1515625 0.1390625
31 0.3359375 0.4890625 0.1625 0.15
7 0.38984375 0.5703125 0.15625 0.1453125
15 0.4390625 0.64921875 0.1515625 0.140625
23 0.48984375 0.728125 0.15 0.1375
23 0.2234375 0.55390625 0.1578125 0.1453125
19 0.27890625 0.634375 0.15625 0.1453125
7 0.33046875 0.71015625 0.15625 0.1421875
7 0.38046875 0.7828125 0.1484375 0.134375
15 0.11640625 0.62109375 0.1625 0.15
31 0.1703125 0.7 0.1578125 0.1453125
7 0.2234375 0.77265625 0.15 0.140625
31 0.27578125 0.84375 0.15 0.134375