4 0.32265625 0.959375 0.1515625 0.0796875
8 0.33515625 0.90390625 0.1546875 0.128125
25 0.35078125 0.825 0.146875 0.1234375
21 0.36640625 0.746875 0.146875 0.1296875
29 0.378125 0.66640625 0.1421875 0.1296875
29 0.390625 0.5875 0.1453125 0.1328125
29 0.4046875 0.5125 0.134375 0.1328125
30 0.4203125 0.4359375 0.13125 0.1328125
30 0.4296875 0.36328125 0.1328125 0.1375
18 0.4421875 0.28984375 0.1296875 0.1390625
26 0.45390625 0.2171875 0.1296875 0.1375
6 0.46796875 0.146875 0.128125 0.1390625
22 0.47734375 0.075 0.125 0.1453125