23 0.57578125 0.91015625 0.1140625 0.140625
27 0.475 0.8953125 0.10625 0.1421875
23 0.38125 0.88125 0.1015625 0.1375
11 0.29140625 0.871875 0.0984375 0.134375
27 0.58046875 0.77265625 0.1125 0.14375
11 0.48203125 0.76015625 0.109375 0.1421875
31 0.38828125 0.7515625 0.1015625 0.134375
27 0.29765625 0.74296875 0.096875 0.1375
15 0.58671875 0.6359375 0.1125 0.1390625
19 0.48984375 0.62578125 0.1046875 0.134375
11 0.3953125 0.62109375 0.1015625 0.1328125
27 0.30390625 0.6140625 0.1 0.13125
15 0.590625 0.50234375 0.109375 0.1375
19 0.49375 0.4984375 0.10625 0.1328125
19 0.403125 0.49375 0.1 0.1328125
11 0.3109375 0.490625 0.1 0.1296875
31 0.6 0.36953125 0.1078125 0.1375
7 0.5015625 0.36875 0.1046875 0.1328125
15 0.4078125 0.36796875 0.1 0.128125
23 0.31484375 0.3671875 0.096875 0.1265625
23 0.60546875 0.23828125 0.10625 0.1328125
19 0.50703125 0.24140625 0.1046875 0.13125
7 0.415625 0.24375 0.1015625 0.1328125
7 0.328125 0.2453125 0.09375 0.1296875
15 0.6078125 0.1125 0.109375 0.1375
31 0.5125 0.1140625 0.1046875 0.134375
7 0.42265625 0.11953125 0.1015625 0.1265625
31 0.33515625 0.12578125 0.09375 0.1296875