5 0.0984375 0.33046875 0.115625 0.09375
9 0.17421875 0.340625 0.109375 0.090625
13 0.2484375 0.35234375 0.1015625 0.0921875
8 0.32421875 0.35859375 0.090625 0.0890625
12 0.39375 0.3703125 0.0875 0.09375
16 0.46640625 0.384375 0.0828125 0.0859375
28 0.5375 0.3984375 0.084375 0.0875
33 0.60625 0.41015625 0.0875 0.0859375
18 0.675 0.4203125 0.09375 0.0859375
6 0.74453125 0.43046875 0.0984375 0.0859375
22 0.8109375 0.440625 0.1015625 0.0875
30 0.878125 0.45390625 0.1046875 0.0953125
21 0.94375 0.46796875 0.10625 0.090625