18 0.8734375 0.2453125 0.1265625 0.1203125
18 0.8296875 0.31171875 0.1234375 0.1171875
18 0.7796875 0.3765625 0.121875 0.11875
34 0.73671875 0.43984375 0.121875 0.1171875
34 0.69375 0.50078125 0.121875 0.1140625
34 0.65 0.5625 0.11875 0.1109375
3 0.6125 0.62734375 0.1171875 0.1125
3 0.69765625 0.64453125 0.1171875 0.1234375
10 0.57734375 0.690625 0.1171875 0.109375
10 0.53671875 0.75078125 0.11875 0.1140625
10 0.4953125 0.80859375 0.1171875 0.1140625
20 0.45078125 0.8703125 0.1171875 0.1171875
20 0.41484375 0.92890625 0.1140625 0.1140625
20 0.378125 0.96328125 0.1109375 0.071875