4 0.6890625 0.10078125 0.0953125 0.1125
8 0.67578125 0.18046875 0.0921875 0.1109375
25 0.66796875 0.25234375 0.090625 0.103125
21 0.65625 0.3265625 0.0875 0.1
29 0.646875 0.4 0.090625 0.0921875
29 0.6359375 0.4734375 0.090625 0.0859375
29 0.62578125 0.54375 0.0859375 0.0859375
30 0.615625 0.6109375 0.0875 0.0875
30 0.6078125 0.67890625 0.0875 0.09375
18 0.59609375 0.746875 0.0859375 0.0984375
26 0.58671875 0.81328125 0.0859375 0.0953125
6 0.57890625 0.8796875 0.0859375 0.0984375
22 0.5671875 0.94296875 0.0859375 0.103125