17 0.89609375 0.790625 0.1265625 0.1125
17 0.81796875 0.77578125 0.125 0.1109375
29 0.7375 0.76015625 0.1125 0.10625
33 0.6609375 0.74765625 0.109375 0.1046875
8 0.58515625 0.73359375 0.1015625 0.1015625
12 0.50625 0.71796875 0.09375 0.1015625
16 0.43203125 0.7046875 0.0953125 0.1015625
24 0.35859375 0.6921875 0.0984375 0.1015625
28 0.28828125 0.6796875 0.1015625 0.1015625
32 0.21796875 0.6671875 0.103125 0.096875
30 0.1515625 0.653125 0.10625 0.1
30 0.08125 0.63984375 0.1078125 0.0984375
30 0.0375 0.62734375 0.075 0.1015625