11 0.1359375 0.31328125 0.1296875 0.09375
23 0.121875 0.4015625 0.134375 0.1
27 0.10703125 0.4921875 0.140625 0.1
23 0.09296875 0.5875 0.140625 0.109375
27 0.25703125 0.321875 0.13125 0.09375
31 0.2484375 0.40859375 0.1296875 0.096875
11 0.234375 0.50078125 0.134375 0.1015625
27 0.22109375 0.596875 0.14375 0.10625
27 0.38203125 0.32890625 0.13125 0.0953125
11 0.371875 0.41875 0.1359375 0.0984375
19 0.3625 0.509375 0.134375 0.1
15 0.3546875 0.6046875 0.1375 0.109375
11 0.50234375 0.334375 0.1265625 0.1
19 0.4984375 0.4265625 0.1265625 0.096875
19 0.49140625 0.51875 0.1328125 0.0984375
15 0.4859375 0.61171875 0.1359375 0.103125
23 0.625 0.3375 0.1328125 0.09375
15 0.621875 0.43203125 0.134375 0.096875
7 0.61875 0.525 0.1375 0.1
31 0.615625 0.61953125 0.1390625 0.10625
7 0.7484375 0.353125 0.1296875 0.09375
7 0.746875 0.440625 0.134375 0.0953125
19 0.74609375 0.5328125 0.1375 0.103125
23 0.74609375 0.6296875 0.134375 0.1078125
31 0.8703125 0.35859375 0.13125 0.090625
7 0.871875 0.44609375 0.1328125 0.0984375
31 0.87421875 0.540625 0.140625 0.1015625
15 0.87421875 0.6375 0.140625 0.1046875