8 0.9109375 0.73828125 0.10625 0.09375
12 0.83359375 0.7296875 0.1015625 0.09375
12 0.7578125 0.71875 0.0953125 0.090625
20 0.684375 0.70859375 0.090625 0.0890625
28 0.61015625 0.70234375 0.0859375 0.0875
32 0.53203125 0.6921875 0.08125 0.084375
22 0.4640625 0.68515625 0.0890625 0.0828125
26 0.3890625 0.678125 0.090625 0.0859375
30 0.3140625 0.66953125 0.0890625 0.0859375
21 0.24375 0.66015625 0.0953125 0.0875
29 0.17109375 0.65390625 0.0953125 0.0890625
25 0.10234375 0.64609375 0.103125 0.0890625
33 0.0421875 0.63828125 0.084375 0.090625