18 0.35546875 0.928125 0.1015625 0.08125
18 0.35 0.85 0.0984375 0.0796875
18 0.3515625 0.76640625 0.0953125 0.084375
34 0.346875 0.69140625 0.1015625 0.0765625
34 0.3453125 0.61640625 0.1 0.075
34 0.34296875 0.540625 0.0984375 0.071875
3 0.334375 0.465625 0.0953125 0.075
3 0.25625 0.503125 0.075 0.1015625
10 0.3234375 0.39375 0.09375 0.071875
10 0.3203125 0.321875 0.0953125 0.0765625
10 0.31875 0.25078125 0.09375 0.078125
20 0.3171875 0.17578125 0.090625 0.084375
20 0.3109375 0.1078125 0.0859375 0.084375
20 0.30859375 0.0421875 0.0875 0.0734375