11 0.3453125 0.8796875 0.0875 0.125
23 0.43515625 0.884375 0.09375 0.13125
27 0.5265625 0.8921875 0.09375 0.1359375
23 0.621875 0.8984375 0.1015625 0.134375
27 0.34375 0.7578125 0.0875 0.1265625
31 0.43046875 0.759375 0.090625 0.1265625
11 0.5234375 0.765625 0.09375 0.13125
27 0.621875 0.76953125 0.0984375 0.1390625
27 0.340625 0.6328125 0.0890625 0.1265625
11 0.43046875 0.63515625 0.090625 0.1328125
19 0.521875 0.63671875 0.09375 0.13125
15 0.61640625 0.6359375 0.1015625 0.1328125
11 0.334375 0.51328125 0.09375 0.121875
19 0.42734375 0.509375 0.090625 0.1234375
19 0.51875 0.5078125 0.090625 0.1296875
15 0.6125 0.50546875 0.0953125 0.1328125
23 0.32734375 0.38984375 0.0859375 0.128125
15 0.421875 0.384375 0.090625 0.13125
7 0.51484375 0.3796875 0.09375 0.134375
31 0.609375 0.37578125 0.1 0.134375
7 0.3328125 0.265625 0.0859375 0.125
7 0.41875 0.259375 0.0890625 0.13125
19 0.5109375 0.253125 0.096875 0.1328125
23 0.6078125 0.24453125 0.1015625 0.1296875
31 0.3265625 0.14375 0.0828125 0.1265625
7 0.41328125 0.13515625 0.090625 0.128125
31 0.50859375 0.12421875 0.09375 0.1359375
15 0.603125 0.115625 0.0984375 0.134375