17 0.16640625 0.13984375 0.1375 0.1265625
17 0.24140625 0.16953125 0.134375 0.1265625
29 0.31640625 0.19921875 0.1234375 0.11875
33 0.3890625 0.22734375 0.1203125 0.1171875
8 0.46171875 0.2546875 0.1125 0.1140625
12 0.53515625 0.284375 0.10625 0.1125
16 0.60625 0.31171875 0.10625 0.109375
24 0.6765625 0.3390625 0.109375 0.1125
28 0.7421875 0.3640625 0.1140625 0.1140625
32 0.809375 0.38984375 0.1140625 0.109375
30 0.871875 0.41640625 0.115625 0.1125
30 0.93828125 0.4421875 0.1171875 0.1109375
30 0.9671875 0.4671875 0.0640625 0.1140625