11 0.909375 0.49375 0.1484375 0.1296875
23 0.8796875 0.4109375 0.1546875 0.1359375
27 0.85078125 0.32265625 0.159375 0.1375
23 0.81953125 0.2328125 0.1625 0.1453125
27 0.7984375 0.54375 0.15 0.1296875
31 0.76640625 0.4625 0.15 0.13125
11 0.7359375 0.375 0.15625 0.1375
27 0.7015625 0.28359375 0.1640625 0.14375
27 0.68515625 0.5953125 0.15 0.1296875
11 0.6515625 0.5125 0.15625 0.1328125
19 0.6171875 0.42734375 0.1546875 0.1359375
15 0.57890625 0.340625 0.1609375 0.1453125
11 0.5765625 0.64765625 0.1484375 0.1328125
19 0.5375 0.5640625 0.146875 0.13125
19 0.5 0.48046875 0.153125 0.1328125
15 0.46015625 0.39453125 0.1578125 0.1390625
23 0.465625 0.70234375 0.15 0.128125
15 0.42421875 0.6171875 0.153125 0.1328125
7 0.38359375 0.534375 0.1578125 0.1375
31 0.34296875 0.4484375 0.1609375 0.1421875
7 0.35 0.746875 0.1484375 0.128125
7 0.31015625 0.66953125 0.153125 0.1328125
19 0.26875 0.58671875 0.1578125 0.140625
23 0.221875 0.50078125 0.1578125 0.1421875
31 0.240625 0.7984375 0.1484375 0.125
7 0.1984375 0.72265625 0.1515625 0.1328125
31 0.15 0.63984375 0.1609375 0.140625
15 0.10546875 0.55546875 0.1609375 0.140625