4 0.965625 0.609375 0.0671875 0.15625
8 0.92265625 0.6078125 0.140625 0.159375
25 0.84296875 0.60390625 0.134375 0.1515625
21 0.76328125 0.59921875 0.1421875 0.153125
29 0.68125 0.5984375 0.140625 0.1484375
29 0.60234375 0.596875 0.14375 0.153125
29 0.525 0.59453125 0.140625 0.14375
30 0.446875 0.58828125 0.140625 0.140625
30 0.37421875 0.5890625 0.1453125 0.140625
18 0.30078125 0.5875 0.146875 0.140625
26 0.22734375 0.58515625 0.1453125 0.140625
6 0.1546875 0.58046875 0.146875 0.1375
22 0.0828125 0.58203125 0.15 0.134375