5 0.46171875 0.065625 0.1125 0.1265625
9 0.4890625 0.1375 0.1078125 0.11875
13 0.5125 0.209375 0.10625 0.1109375
8 0.5421875 0.278125 0.1015625 0.1015625
12 0.56484375 0.3453125 0.1046875 0.1
16 0.58671875 0.415625 0.0984375 0.09375
28 0.6078125 0.48515625 0.0984375 0.096875
33 0.63046875 0.5515625 0.0984375 0.1
18 0.653125 0.61640625 0.0984375 0.1046875
6 0.67734375 0.68359375 0.1015625 0.109375
22 0.6984375 0.7453125 0.1015625 0.1125
30 0.71953125 0.81171875 0.109375 0.1171875
21 0.7375 0.8765625 0.10625 0.1171875