11 0.6140625 0.10625 0.1015625 0.1328125
23 0.525 0.11015625 0.10625 0.1390625
27 0.4328125 0.1125 0.10625 0.14375
23 0.33671875 0.11640625 0.115625 0.14375
27 0.6296875 0.22734375 0.1015625 0.134375
31 0.5421875 0.23515625 0.1015625 0.134375
11 0.45 0.2390625 0.10625 0.1390625
27 0.35234375 0.24453125 0.1125 0.1484375
27 0.6453125 0.3515625 0.1015625 0.134375
11 0.55625 0.35859375 0.1046875 0.140625
19 0.4640625 0.3671875 0.10625 0.1390625
15 0.36953125 0.378125 0.1171875 0.1421875
11 0.6640625 0.4703125 0.10625 0.13125
19 0.571875 0.48359375 0.103125 0.13125
19 0.48046875 0.4953125 0.103125 0.1375
15 0.38828125 0.50703125 0.109375 0.140625
23 0.684375 0.5921875 0.0984375 0.1375
15 0.590625 0.6078125 0.1015625 0.1390625
7 0.4984375 0.621875 0.10625 0.140625
31 0.4046875 0.6359375 0.1140625 0.1421875
7 0.6921875 0.715625 0.1 0.1328125
7 0.60625 0.73125 0.1015625 0.1390625
19 0.51484375 0.74765625 0.109375 0.1421875
23 0.4203125 0.765625 0.1140625 0.1390625
31 0.71015625 0.83671875 0.0953125 0.134375
7 0.62421875 0.85390625 0.103125 0.1359375
31 0.53203125 0.875 0.109375 0.1453125
15 0.4375 0.89375 0.1109375 0.14375