4 0.15078125 0.7703125 0.125 0.1296875
8 0.1984375 0.70546875 0.121875 0.1265625
25 0.23828125 0.64453125 0.115625 0.11875
21 0.28203125 0.584375 0.1140625 0.1171875
29 0.325 0.521875 0.109375 0.1109375
29 0.3671875 0.4625 0.1078125 0.10625
29 0.4078125 0.4046875 0.10625 0.10625
30 0.446875 0.3484375 0.1078125 0.1078125
30 0.4859375 0.2921875 0.1109375 0.1125
18 0.52578125 0.23671875 0.1109375 0.1140625
26 0.565625 0.18125 0.109375 0.1109375
6 0.603125 0.1265625 0.1109375 0.1140625
22 0.64140625 0.075 0.1140625 0.1171875