8 0.903125 0.25 0.125 0.1296875
12 0.859375 0.3140625 0.121875 0.125
12 0.8140625 0.37578125 0.1171875 0.1171875
20 0.76953125 0.4359375 0.1140625 0.1140625
28 0.7296875 0.4984375 0.109375 0.109375
32 0.68515625 0.5625 0.1046875 0.103125
22 0.646875 0.61875 0.1078125 0.109375
26 0.60546875 0.68203125 0.1109375 0.1125
30 0.56171875 0.74453125 0.109375 0.1109375
21 0.52109375 0.8015625 0.1140625 0.1171875
29 0.48125 0.86328125 0.115625 0.1171875
25 0.4421875 0.9203125 0.1171875 0.1234375
33 0.403125 0.9578125 0.1203125 0.0828125