11 0.6 0.10234375 0.1046875 0.134375
23 0.5109375 0.11015625 0.109375 0.1421875
27 0.41953125 0.115625 0.109375 0.146875
23 0.32421875 0.1234375 0.11875 0.146875
27 0.61953125 0.2234375 0.1046875 0.1375
31 0.53359375 0.234375 0.10625 0.1375
11 0.43984375 0.240625 0.1109375 0.1421875
27 0.34296875 0.25 0.1171875 0.15
27 0.63984375 0.346875 0.10625 0.1375
11 0.55 0.35625 0.109375 0.1421875
19 0.459375 0.36875 0.1109375 0.140625
15 0.365625 0.38203125 0.1203125 0.1453125
11 0.66328125 0.46484375 0.109375 0.1328125
19 0.571875 0.48125 0.10625 0.134375
19 0.48046875 0.4953125 0.1078125 0.140625
15 0.3890625 0.5109375 0.1140625 0.1421875
23 0.68671875 0.58515625 0.1015625 0.1390625
15 0.59375 0.6046875 0.1078125 0.140625
7 0.50234375 0.62109375 0.1109375 0.1453125
31 0.409375 0.6390625 0.1171875 0.1453125
7 0.69921875 0.70859375 0.103125 0.1359375
7 0.61484375 0.72734375 0.10625 0.140625
19 0.52421875 0.746875 0.1140625 0.1453125
23 0.42890625 0.76875 0.1171875 0.140625
31 0.721875 0.82890625 0.1 0.1375
7 0.63671875 0.85 0.1078125 0.1390625
31 0.54453125 0.87421875 0.1125 0.146875
15 0.4515625 0.8953125 0.115625 0.146875