23 0.1375 0.7046875 0.15625 0.1375
27 0.11796875 0.6046875 0.15625 0.1296875
23 0.10078125 0.51171875 0.1515625 0.1234375
11 0.08046875 0.4234375 0.1484375 0.1203125
27 0.26875 0.66484375 0.1578125 0.134375
11 0.2484375 0.5671875 0.15625 0.13125
31 0.22578125 0.47578125 0.1484375 0.125
27 0.2046875 0.3875 0.15 0.11875
15 0.4 0.6265625 0.1546875 0.134375
19 0.378125 0.53046875 0.1484375 0.125
11 0.3515625 0.440625 0.146875 0.1234375
27 0.328125 0.35078125 0.1453125 0.1203125
15 0.52734375 0.58671875 0.153125 0.13125
19 0.50078125 0.49375 0.146875 0.1265625
19 0.475 0.40703125 0.1453125 0.1203125
11 0.4484375 0.3171875 0.1421875 0.11875
31 0.65625 0.5515625 0.153125 0.1296875
7 0.625 0.459375 0.146875 0.125
15 0.59609375 0.3703125 0.1421875 0.1203125
23 0.565625 0.28125 0.140625 0.1171875
23 0.78203125 0.51484375 0.146875 0.125
19 0.74765625 0.42265625 0.1453125 0.125
7 0.715625 0.3375 0.1453125 0.121875
7 0.68515625 0.2546875 0.1421875 0.1140625
15 0.9015625 0.475 0.1515625 0.1296875
31 0.86875 0.3859375 0.1484375 0.1265625
7 0.834375 0.303125 0.140625 0.121875
31 0.8 0.22109375 0.140625 0.1140625