18 0.20625 0.84296875 0.11875 0.1078125
18 0.2296875 0.7671875 0.1171875 0.10625
18 0.2625 0.69140625 0.115625 0.1078125
34 0.2875 0.6203125 0.1171875 0.1015625
34 0.3140625 0.55 0.1171875 0.1015625
34 0.3390625 0.4796875 0.1140625 0.0984375
3 0.35859375 0.40546875 0.1125 0.0984375
3 0.27265625 0.4125 0.1015625 0.11875
10 0.37578125 0.33515625 0.1109375 0.096875
10 0.4 0.2671875 0.1125 0.1015625
10 0.425 0.20078125 0.1109375 0.1015625
20 0.4515625 0.13046875 0.1109375 0.10625
20 0.47109375 0.06484375 0.1046875 0.1046875
20 0.49375 0.0265625 0.10625 0.053125