23 0.4328125 0.08984375 0.1171875 0.1421875
27 0.5328125 0.1046875 0.109375 0.14375
23 0.62578125 0.1203125 0.1015625 0.140625
11 0.715625 0.13203125 0.1015625 0.1375
27 0.42421875 0.22578125 0.1140625 0.1453125
11 0.5234375 0.240625 0.1109375 0.1421875
31 0.61640625 0.25078125 0.1046875 0.1375
27 0.7078125 0.26171875 0.0984375 0.1390625
15 0.41640625 0.36328125 0.1140625 0.140625
19 0.51328125 0.37421875 0.10625 0.1359375
11 0.6078125 0.38125 0.1046875 0.134375
27 0.69921875 0.38984375 0.1015625 0.1328125
15 0.409375 0.49609375 0.1109375 0.1390625
19 0.50625 0.50234375 0.1078125 0.134375
19 0.596875 0.50859375 0.1015625 0.1328125
11 0.690625 0.5140625 0.1015625 0.13125
31 0.3984375 0.6296875 0.109375 0.1390625
7 0.496875 0.63125 0.10625 0.134375
15 0.5890625 0.634375 0.1015625 0.1296875
23 0.6828125 0.6375 0.0984375 0.128125
23 0.390625 0.76015625 0.1078125 0.134375
19 0.4890625 0.75859375 0.10625 0.1328125
7 0.5796875 0.75859375 0.103125 0.134375
7 0.66796875 0.7578125 0.0953125 0.13125
15 0.3859375 0.8859375 0.1109375 0.1375
31 0.48125 0.8859375 0.10625 0.1359375
7 0.571875 0.88203125 0.103125 0.128125
31 0.659375 0.878125 0.0953125 0.13125