11 0.8109375 0.2328125 0.13125 0.1484375
23 0.73359375 0.18671875 0.1375 0.1546875
27 0.6546875 0.1390625 0.140625 0.1609375
23 0.571875 0.090625 0.1484375 0.1625
27 0.75625 0.3421875 0.1328125 0.15
31 0.68046875 0.30078125 0.1328125 0.15
11 0.6 0.253125 0.1390625 0.15625
27 0.51484375 0.20546875 0.146875 0.165625
27 0.703125 0.45390625 0.1328125 0.15
11 0.62421875 0.41171875 0.1375 0.15625
19 0.5421875 0.36875 0.1375 0.15625
15 0.4578125 0.3265625 0.146875 0.1625
11 0.653125 0.5640625 0.134375 0.1484375
19 0.56953125 0.525 0.1328125 0.1484375
19 0.48671875 0.48515625 0.1359375 0.153125
15 0.4015625 0.4453125 0.1421875 0.1578125
23 0.6046875 0.67734375 0.13125 0.1515625
15 0.5171875 0.6390625 0.1359375 0.1546875
7 0.4328125 0.60078125 0.140625 0.1578125
31 0.34609375 0.56171875 0.1453125 0.1609375
7 0.54375 0.78515625 0.13125 0.1484375
7 0.4640625 0.7515625 0.134375 0.1546875
19 0.378125 0.715625 0.1421875 0.159375
23 0.28828125 0.6796875 0.1453125 0.1578125
31 0.49296875 0.896875 0.128125 0.1484375
7 0.4125 0.8640625 0.134375 0.153125
31 0.321875 0.83125 0.140625 0.1609375
15 0.23359375 0.79609375 0.1453125 0.1609375