8 0.05546875 0.6375 0.1109375 0.1296875
12 0.10546875 0.5875 0.125 0.125
12 0.1640625 0.53984375 0.11875 0.11875
20 0.2234375 0.4921875 0.1171875 0.115625
28 0.278125 0.4421875 0.1109375 0.1109375
32 0.3375 0.39296875 0.10625 0.10625
22 0.38984375 0.3484375 0.1109375 0.109375
26 0.44609375 0.29765625 0.1140625 0.1140625
30 0.50390625 0.24921875 0.1109375 0.1109375
21 0.5578125 0.20390625 0.1171875 0.1171875
29 0.6125 0.1546875 0.11875 0.11875
25 0.66484375 0.11015625 0.1234375 0.121875
33 0.71796875 0.06328125 0.125 0.1234375