8 0.8640625 0.19609375 0.11875 0.125
12 0.8296875 0.26484375 0.1171875 0.1203125
12 0.79375 0.3328125 0.1109375 0.1140625
20 0.7578125 0.39921875 0.109375 0.109375
28 0.72734375 0.46640625 0.10625 0.1046875
32 0.69140625 0.5359375 0.1015625 0.1
22 0.6609375 0.59765625 0.103125 0.10625
26 0.6296875 0.665625 0.10625 0.109375
30 0.5953125 0.73359375 0.1046875 0.10625
21 0.5625 0.79609375 0.109375 0.1140625
29 0.53203125 0.8625 0.109375 0.1140625
25 0.50078125 0.92421875 0.1125 0.1203125
33 0.4703125 0.9625 0.1140625 0.071875