4 0.7453125 0.86796875 0.1296875 0.1265625
8 0.684375 0.815625 0.125 0.1234375
25 0.62578125 0.771875 0.11875 0.1171875
21 0.56875 0.72421875 0.1171875 0.1140625
29 0.509375 0.6765625 0.1109375 0.1109375
29 0.453125 0.63046875 0.1078125 0.109375
29 0.39765625 0.58515625 0.10625 0.10625
30 0.3453125 0.5421875 0.109375 0.109375
30 0.29140625 0.5 0.1125 0.1109375
18 0.2390625 0.45546875 0.1140625 0.1125
26 0.18671875 0.41328125 0.1125 0.1109375
6 0.13515625 0.37265625 0.1140625 0.1125
22 0.0859375 0.3296875 0.1171875 0.115625