8 0.4578125 0.95546875 0.1125 0.0875
12 0.43359375 0.89921875 0.109375 0.115625
12 0.4109375 0.8265625 0.10625 0.109375
20 0.38984375 0.7546875 0.103125 0.1046875
28 0.3640625 0.68515625 0.1015625 0.0984375
32 0.3390625 0.61015625 0.096875 0.09375
22 0.3171875 0.54609375 0.0984375 0.1015625
26 0.2921875 0.475 0.1015625 0.103125
30 0.26875 0.40234375 0.1 0.1015625
21 0.246875 0.33515625 0.103125 0.109375
29 0.22109375 0.26640625 0.1046875 0.109375
25 0.2 0.2015625 0.10625 0.115625
33 0.17734375 0.134375 0.10625 0.115625