36 0.1046875 0.25390625 0.1328125 0.33046875
22 0.25234375 0.25078125 0.1359375 0.33046875
32 0.40078125 0.25234375 0.13515625 0.3234375
6 0.55 0.25 0.1328125 0.3359375
4 0.70078125 0.25078125 0.13671875 0.33046875
23 0.8734375 0.25625 0.1875 0.2421875
29 0.09609375 0.61328125 0.13515625 0.3453125
6 0.24453125 0.6109375 0.13984375 0.35
35 0.396875 0.60546875 0.1390625 0.35
26 0.54921875 0.5984375 0.13828125 0.35390625
34 0.69609375 0.60625 0.1390625 0.3484375
23 0.84921875 0.61484375 0.14765625 0.3484375