7 0.3140625 0.84609375 0.3140625 0.15546875
36 0.29453125 0.6953125 0.315625 0.1421875
10 0.2765625 0.54609375 0.30078125 0.1296875
6 0.2625 0.40703125 0.29921875 0.12421875
30 0.24453125 0.26796875 0.30625 0.12421875
9 0.2234375 0.1375 0.29375 0.11796875
10 0.6578125 0.8515625 0.3265625 0.15
31 0.63515625 0.6796875 0.2484375 0.1859375
32 0.60078125 0.51640625 0.30625 0.134375
13 0.584375 0.38125 0.31015625 0.12734375
10 0.55703125 0.2484375 0.303125 0.11640625
22 0.53671875 0.11953125 0.3140625 0.11796875