5 0.7890625 0.85703125 0.1171875 0.1171875
5 0.74375 0.81328125 0.1265625 0.125
9 0.6828125 0.7640625 0.121875 0.121875
13 0.62578125 0.71328125 0.1171875 0.1171875
25 0.56796875 0.6640625 0.10625 0.10625
29 0.51328125 0.615625 0.103125 0.1015625
33 0.4578125 0.56640625 0.1 0.1
36 0.40546875 0.521875 0.1046875 0.1046875
14 0.3515625 0.475 0.10625 0.10625
22 0.30078125 0.42890625 0.1109375 0.1109375
16 0.2484375 0.38203125 0.1140625 0.1125
34 0.2015625 0.33984375 0.115625 0.115625
18 0.1546875 0.29765625 0.115625 0.1140625
11 0.10625 0.2546875 0.1140625 0.1125