3 0.934375 0.31953125 0.1296875 0.1359375
7 0.88359375 0.36796875 0.1375 0.1375
11 0.8234375 0.41953125 0.1328125 0.1328125
31 0.7609375 0.47109375 0.1296875 0.1296875
34 0.70390625 0.5203125 0.128125 0.1296875
36 0.64296875 0.57109375 0.1203125 0.121875
29 0.584375 0.61953125 0.1203125 0.121875
21 0.528125 0.6703125 0.11875 0.121875
13 0.4703125 0.71875 0.125 0.1265625
13 0.4140625 0.76640625 0.125 0.1265625
24 0.359375 0.81328125 0.1265625 0.128125
28 0.30625 0.85625 0.128125 0.1296875
28 0.2515625 0.903125 0.128125 0.1296875