8 0.0546875 0.55078125 0.109375 0.125
12 0.115625 0.521875 0.1265625 0.1203125
16 0.1890625 0.48984375 0.121875 0.11875
20 0.26015625 0.459375 0.1171875 0.115625
24 0.3328125 0.43046875 0.1140625 0.1140625
29 0.403125 0.4 0.1015625 0.109375
34 0.47734375 0.37265625 0.0984375 0.109375
23 0.5453125 0.34453125 0.0984375 0.1078125
27 0.61171875 0.31484375 0.109375 0.1125
15 0.6796875 0.290625 0.1140625 0.1109375
7 0.74921875 0.26328125 0.1171875 0.1140625
26 0.81171875 0.23984375 0.1171875 0.1109375
36 0.87578125 0.2125 0.11875 0.115625