9 0.6453125 0.9265625 0.11875 0.1359375
13 0.60078125 0.8546875 0.125 0.1375
21 0.55546875 0.7875 0.121875 0.1265625
25 0.51328125 0.7203125 0.109375 0.1140625
33 0.4703125 0.653125 0.10625 0.1078125
36 0.428125 0.58984375 0.0984375 0.1
32 0.3859375 0.528125 0.1015625 0.10625
32 0.3453125 0.46796875 0.10625 0.1078125
12 0.3015625 0.40703125 0.1078125 0.109375
7 0.26484375 0.35078125 0.1078125 0.1125
19 0.2265625 0.2921875 0.10625 0.1140625
27 0.18984375 0.2375 0.1125 0.121875
26 0.15390625 0.184375 0.1109375 0.11875