9 0.09296875 0.309375 0.1296875 0.096875
13 0.175 0.3265625 0.128125 0.1015625
21 0.25546875 0.340625 0.1171875 0.103125
25 0.3328125 0.35625 0.1015625 0.09375
33 0.4109375 0.371875 0.0953125 0.09375
36 0.4859375 0.3859375 0.090625 0.0859375
32 0.56015625 0.39765625 0.0953125 0.0890625
32 0.63125 0.41171875 0.096875 0.09375
12 0.7046875 0.42265625 0.1 0.09375
7 0.77109375 0.434375 0.103125 0.09375
19 0.83984375 0.4484375 0.10625 0.090625
27 0.9046875 0.459375 0.1140625 0.09375
26 0.95546875 0.4703125 0.0875 0.0953125