8 0.29375 0.9109375 0.115625 0.125
12 0.30859375 0.834375 0.1109375 0.1203125
16 0.321875 0.75546875 0.109375 0.1140625
20 0.33515625 0.67890625 0.1078125 0.109375
24 0.35 0.603125 0.10625 0.10625
29 0.3640625 0.52734375 0.103125 0.09375
34 0.38046875 0.45078125 0.1046875 0.090625
23 0.39375 0.37734375 0.103125 0.090625
27 0.40625 0.30625 0.10625 0.1015625
15 0.42265625 0.2359375 0.103125 0.10625
7 0.43671875 0.1625 0.10625 0.1109375
26 0.4515625 0.096875 0.1015625 0.1109375
36 0.4625 0.0421875 0.109375 0.084375