8 0.31796875 0.078125 0.1375 0.140625
12 0.36640625 0.1390625 0.134375 0.1375
16 0.41875 0.2 0.13125 0.13125
20 0.4703125 0.25859375 0.1265625 0.1265625
24 0.51796875 0.31953125 0.125 0.125
29 0.5671875 0.378125 0.1171875 0.1140625
34 0.615625 0.43984375 0.1171875 0.1125
23 0.6625 0.4984375 0.1140625 0.1109375
27 0.71015625 0.55234375 0.121875 0.1203125
15 0.75234375 0.6109375 0.121875 0.1234375
7 0.8 0.66953125 0.1265625 0.128125
26 0.840625 0.721875 0.1234375 0.125
36 0.884375 0.775 0.1265625 0.1296875