5 0.7296875 0.1015625 0.103125 0.1109375
5 0.7046875 0.16015625 0.10625 0.1234375
9 0.68046875 0.234375 0.1046875 0.11875
13 0.6546875 0.30625 0.103125 0.1109375
25 0.62890625 0.378125 0.09375 0.1015625
29 0.603125 0.446875 0.09375 0.09375
33 0.57734375 0.515625 0.09375 0.0921875
36 0.55390625 0.58046875 0.09375 0.096875
14 0.53046875 0.6484375 0.0953125 0.1
22 0.50546875 0.71171875 0.0984375 0.10625
16 0.48125 0.77734375 0.1015625 0.1078125
34 0.4578125 0.8375 0.1015625 0.1109375
18 0.43515625 0.89609375 0.1015625 0.1109375
11 0.4125 0.95 0.1 0.0984375