9 0.56328125 0.0578125 0.078125 0.115625
13 0.57109375 0.13828125 0.084375 0.1171875
21 0.58125 0.21953125 0.0859375 0.103125
25 0.5890625 0.2984375 0.0796875 0.090625
33 0.596875 0.378125 0.0796875 0.084375
36 0.6046875 0.45390625 0.0734375 0.0796875
32 0.61484375 0.52734375 0.075 0.084375
32 0.62265625 0.59921875 0.0796875 0.0859375
12 0.634375 0.67265625 0.0796875 0.0875
7 0.64296875 0.73984375 0.0796875 0.090625
19 0.64921875 0.809375 0.075 0.0953125
27 0.6578125 0.875 0.078125 0.103125
26 0.665625 0.93828125 0.078125 0.1