8 0.4265625 0.05703125 0.128125 0.1140625
12 0.45859375 0.11640625 0.125 0.1296875
16 0.49375 0.1890625 0.121875 0.125
20 0.5296875 0.25859375 0.1171875 0.11875
24 0.5609375 0.32890625 0.1171875 0.1171875
29 0.59453125 0.39921875 0.1109375 0.1046875
34 0.6265625 0.46953125 0.1125 0.1015625
23 0.6578125 0.5375 0.109375 0.1015625
27 0.690625 0.6015625 0.1140625 0.1109375
15 0.71796875 0.66875 0.1140625 0.115625
7 0.75 0.7359375 0.1171875 0.121875
26 0.77734375 0.79765625 0.1140625 0.11875
36 0.80703125 0.86015625 0.11875 0.121875