5 0.68828125 0.9203125 0.1125 0.115625
5 0.6546875 0.865625 0.1171875 0.1265625
9 0.60859375 0.80234375 0.1140625 0.121875
13 0.56640625 0.7390625 0.1109375 0.1171875
25 0.5234375 0.67578125 0.1015625 0.10625
29 0.4828125 0.61484375 0.0984375 0.1015625
33 0.4421875 0.55390625 0.0984375 0.0984375
36 0.403125 0.496875 0.1015625 0.103125
14 0.36328125 0.43671875 0.1015625 0.1046875
22 0.32578125 0.38046875 0.10625 0.109375
16 0.2875 0.32109375 0.1078125 0.1109375
34 0.253125 0.2671875 0.109375 0.115625
18 0.21796875 0.2140625 0.109375 0.1140625
11 0.184375 0.16171875 0.10625 0.1125