5 0.40546875 0.95 0.0828125 0.09375
5 0.41015625 0.8859375 0.0796875 0.109375
9 0.4109375 0.80859375 0.0796875 0.103125
13 0.41328125 0.73203125 0.08125 0.0953125
25 0.415625 0.65546875 0.075 0.0859375
29 0.41953125 0.5828125 0.075 0.078125
33 0.421875 0.509375 0.0765625 0.075
36 0.42421875 0.440625 0.078125 0.0796875
14 0.42578125 0.36875 0.0765625 0.0828125
22 0.4296875 0.30078125 0.078125 0.090625
16 0.4328125 0.2296875 0.0796875 0.090625
34 0.4359375 0.16640625 0.0796875 0.0953125
18 0.4390625 0.103125 0.078125 0.0953125
11 0.44296875 0.04375 0.078125 0.0875