8 0.796875 0.85078125 0.140625 0.1375
12 0.73359375 0.80703125 0.1375 0.134375
16 0.665625 0.7640625 0.1328125 0.1296875
20 0.6 0.721875 0.1265625 0.125
24 0.53671875 0.678125 0.125 0.125
29 0.47109375 0.6359375 0.1140625 0.1171875
34 0.4078125 0.59140625 0.1125 0.1171875
23 0.3453125 0.55 0.1109375 0.1140625
27 0.284375 0.51171875 0.11875 0.121875
15 0.22734375 0.46796875 0.121875 0.121875
7 0.16484375 0.4265625 0.128125 0.1265625
26 0.109375 0.38828125 0.125 0.121875
36 0.0578125 0.35 0.115625 0.128125