3 0.6578125 0.05546875 0.1015625 0.0984375
7 0.6578125 0.1265625 0.1 0.10625
11 0.65703125 0.20625 0.096875 0.1015625
31 0.653125 0.2859375 0.0984375 0.0953125
34 0.65078125 0.3625 0.1015625 0.0921875
36 0.6484375 0.4421875 0.0953125 0.0859375
29 0.6453125 0.51796875 0.0984375 0.0828125
21 0.6453125 0.59296875 0.0984375 0.08125
13 0.64296875 0.66796875 0.1015625 0.0875
13 0.63984375 0.7421875 0.096875 0.0921875
24 0.6390625 0.81328125 0.1 0.0921875
28 0.63515625 0.8828125 0.096875 0.0953125
28 0.6328125 0.95234375 0.1 0.09375