3 0.04375 0.5125 0.0875 0.121875
7 0.09453125 0.4859375 0.125 0.121875
11 0.16953125 0.46015625 0.1203125 0.1171875
31 0.24609375 0.43359375 0.115625 0.1171875
34 0.31796875 0.40859375 0.1125 0.11875
36 0.3921875 0.38359375 0.1046875 0.1125
29 0.46484375 0.35859375 0.103125 0.1140625
21 0.53515625 0.33203125 0.1015625 0.1140625
13 0.60625 0.30625 0.109375 0.1171875
13 0.67578125 0.2828125 0.1109375 0.1140625
24 0.74375 0.25859375 0.1125 0.1171875
28 0.809375 0.2359375 0.1140625 0.115625
28 0.8765625 0.2140625 0.1140625 0.1171875