9 0.1890625 0.1765625 0.1359375 0.1234375
13 0.25859375 0.22109375 0.1375 0.128125
21 0.32890625 0.26328125 0.1296875 0.125
25 0.3953125 0.30625 0.1140625 0.1109375
33 0.4625 0.34921875 0.109375 0.109375
36 0.528125 0.3890625 0.1015625 0.1
32 0.5921875 0.4265625 0.10625 0.1046875
32 0.6546875 0.4640625 0.109375 0.109375
12 0.71953125 0.50078125 0.1125 0.109375
7 0.77734375 0.5359375 0.1140625 0.109375
19 0.8359375 0.5734375 0.115625 0.109375
27 0.8921875 0.60703125 0.1234375 0.1171875
26 0.94296875 0.63984375 0.1125 0.115625