8 0.42265625 0.94765625 0.1015625 0.103125
12 0.41484375 0.8765625 0.0984375 0.109375
16 0.4046875 0.79609375 0.0984375 0.1015625
20 0.39375 0.71875 0.0953125 0.0984375
24 0.3875 0.6421875 0.09375 0.0953125
29 0.378125 0.565625 0.09375 0.0828125
34 0.37109375 0.4875 0.0953125 0.078125
23 0.3625 0.41328125 0.09375 0.0796875
27 0.353125 0.3421875 0.09375 0.0890625
15 0.3484375 0.2703125 0.0921875 0.0953125
7 0.340625 0.1953125 0.09375 0.1
26 0.33515625 0.12890625 0.0890625 0.1
36 0.32734375 0.06015625 0.09375 0.1015625