9 0.2359375 0.1359375 0.1328125 0.13125
13 0.3 0.190625 0.1359375 0.134375
21 0.36328125 0.24140625 0.1296875 0.128125
25 0.42265625 0.29375 0.115625 0.1140625
33 0.48515625 0.3453125 0.1109375 0.109375
36 0.54375 0.39375 0.1015625 0.1015625
32 0.6015625 0.43984375 0.1078125 0.10625
32 0.6578125 0.48671875 0.1109375 0.1109375
12 0.7171875 0.53203125 0.1125 0.1125
7 0.76875 0.57421875 0.1140625 0.1140625
19 0.821875 0.61875 0.1140625 0.1140625
27 0.87421875 0.66015625 0.121875 0.121875
26 0.9234375 0.70078125 0.11875 0.11875