9 0.940625 0.46171875 0.1171875 0.1015625
13 0.86875 0.4875 0.1296875 0.10625
21 0.7921875 0.51640625 0.1171875 0.10625
25 0.7171875 0.540625 0.1046875 0.096875
33 0.64140625 0.56640625 0.0984375 0.0953125
36 0.56953125 0.5921875 0.0921875 0.0875
32 0.49921875 0.61875 0.096875 0.090625
32 0.43125 0.6421875 0.0984375 0.0953125
12 0.3625 0.6703125 0.1015625 0.0953125
7 0.2984375 0.69375 0.1046875 0.0953125
19 0.2328125 0.71484375 0.1078125 0.0921875
27 0.1703125 0.7375 0.115625 0.096875
26 0.1109375 0.7609375 0.1125 0.0953125