3 0.48046875 0.04453125 0.1234375 0.0890625
7 0.50703125 0.0953125 0.121875 0.1265625
11 0.534375 0.16875 0.1171875 0.121875
31 0.56171875 0.24453125 0.1171875 0.1171875
34 0.5890625 0.31640625 0.11875 0.1140625
36 0.615625 0.390625 0.1140625 0.10625
29 0.64140625 0.4625 0.1140625 0.1046875
21 0.66953125 0.53203125 0.1140625 0.1015625
13 0.69609375 0.60234375 0.1171875 0.109375
13 0.7203125 0.67265625 0.115625 0.1125
24 0.7453125 0.7390625 0.1171875 0.1140625
28 0.76875 0.80390625 0.1171875 0.1171875
28 0.79375 0.87109375 0.11875 0.115625