3 0.0890625 0.7328125 0.134375 0.134375
7 0.1359375 0.678125 0.1375 0.1375
11 0.1890625 0.61953125 0.1328125 0.134375
31 0.24375 0.56171875 0.13125 0.13125
34 0.29609375 0.5046875 0.1296875 0.1296875
36 0.35 0.446875 0.121875 0.121875
29 0.403125 0.3921875 0.121875 0.121875
21 0.45234375 0.33515625 0.121875 0.1203125
13 0.503125 0.28046875 0.1265625 0.1265625
13 0.553125 0.22578125 0.1265625 0.1265625
24 0.6015625 0.1734375 0.1296875 0.128125
28 0.64921875 0.1234375 0.1296875 0.1296875
28 0.69765625 0.07109375 0.1296875 0.1296875