8 0.94765625 0.490625 0.103125 0.11875
12 0.88515625 0.5125 0.121875 0.1140625
16 0.809375 0.5375 0.1171875 0.1125
20 0.73515625 0.5625 0.1109375 0.109375
24 0.66171875 0.584375 0.109375 0.109375
29 0.5875 0.60859375 0.096875 0.10625
34 0.5125 0.6296875 0.09375 0.10625
23 0.44140625 0.6515625 0.09375 0.103125
27 0.3734375 0.675 0.103125 0.1078125
15 0.303125 0.69296875 0.109375 0.10625
7 0.23125 0.71484375 0.1140625 0.109375
26 0.1671875 0.7328125 0.1125 0.1046875
36 0.10078125 0.75390625 0.1140625 0.109375