9 0.146875 0.221875 0.134375 0.1171875
13 0.221875 0.25859375 0.1359375 0.1203125
21 0.29765625 0.28984375 0.1265625 0.11875
25 0.36875 0.32265625 0.1109375 0.10625
33 0.4421875 0.35625 0.10625 0.1046875
36 0.5125 0.3859375 0.0984375 0.0953125
32 0.58125 0.4140625 0.103125 0.1
32 0.646875 0.44375 0.10625 0.103125
12 0.7171875 0.4703125 0.109375 0.10625
7 0.7796875 0.496875 0.1109375 0.10625
19 0.84296875 0.525 0.1140625 0.103125
27 0.9046875 0.5515625 0.121875 0.109375
26 0.9515625 0.57578125 0.0953125 0.109375