9 0.47578125 0.94296875 0.0875 0.1125
13 0.46171875 0.86640625 0.09375 0.121875
21 0.44375 0.7875 0.0953125 0.1109375
25 0.43046875 0.709375 0.0859375 0.096875
33 0.41484375 0.63125 0.0859375 0.090625
36 0.4 0.55546875 0.078125 0.084375
32 0.38359375 0.4828125 0.0828125 0.0890625
32 0.36875 0.4125 0.0859375 0.090625
12 0.3515625 0.33984375 0.0859375 0.09375
7 0.33671875 0.27421875 0.0859375 0.096875
19 0.325 0.20546875 0.08125 0.1015625
27 0.3109375 0.13984375 0.0859375 0.1078125
26 0.29765625 0.07890625 0.0859375 0.1046875