3 0.4625 0.95703125 0.1171875 0.084375
7 0.44375 0.9015625 0.1140625 0.11875
11 0.425 0.82421875 0.1109375 0.1140625
31 0.4078125 0.746875 0.109375 0.109375
34 0.38984375 0.67265625 0.1109375 0.1046875
36 0.37265625 0.5953125 0.10625 0.0984375
29 0.35625 0.5203125 0.109375 0.0953125
21 0.33671875 0.4484375 0.109375 0.09375
13 0.31875 0.375 0.1125 0.1015625
13 0.303125 0.30234375 0.1078125 0.1046875
24 0.2859375 0.2328125 0.1109375 0.1046875
28 0.2703125 0.165625 0.109375 0.109375
28 0.2546875 0.096875 0.1109375 0.1078125