9 0.13671875 0.23515625 0.134375 0.1140625
13 0.2140625 0.26796875 0.134375 0.11875
21 0.28984375 0.29609375 0.125 0.1171875
25 0.3625 0.32734375 0.1109375 0.1046875
33 0.43671875 0.3578125 0.1046875 0.103125
36 0.50859375 0.38515625 0.0984375 0.0953125
32 0.57890625 0.41171875 0.1015625 0.0984375
32 0.6453125 0.4390625 0.10625 0.1015625
12 0.715625 0.4625 0.1078125 0.103125
7 0.77890625 0.4875 0.1109375 0.103125
19 0.84296875 0.5140625 0.1125 0.1015625
27 0.90546875 0.5375 0.121875 0.1078125
26 0.95234375 0.56015625 0.09375 0.10625