5 0.909375 0.2921875 0.1171875 0.1140625
5 0.85625 0.32734375 0.1265625 0.11875
9 0.79609375 0.37578125 0.1234375 0.1171875
13 0.73515625 0.421875 0.1171875 0.1140625
25 0.67421875 0.46796875 0.10625 0.103125
29 0.615625 0.5109375 0.1015625 0.1015625
33 0.55625 0.55546875 0.0984375 0.0984375
36 0.50078125 0.596875 0.103125 0.1015625
14 0.44453125 0.640625 0.1046875 0.103125
22 0.38984375 0.68046875 0.1109375 0.109375
16 0.3328125 0.72265625 0.1125 0.109375
34 0.28125 0.759375 0.115625 0.1109375
18 0.2296875 0.79609375 0.115625 0.109375
11 0.17890625 0.834375 0.1140625 0.109375