3 0.9390625 0.34296875 0.1203125 0.134375
7 0.88984375 0.38828125 0.1375 0.1359375
11 0.8265625 0.43671875 0.1328125 0.13125
31 0.7625 0.484375 0.1296875 0.1296875
34 0.70234375 0.53125 0.1265625 0.1296875
36 0.6390625 0.578125 0.11875 0.121875
29 0.57734375 0.6234375 0.1171875 0.121875
21 0.51953125 0.67109375 0.1171875 0.121875
13 0.459375 0.7171875 0.125 0.1265625
13 0.4 0.76171875 0.125 0.125
24 0.34296875 0.80546875 0.1265625 0.128125
28 0.28828125 0.84609375 0.1265625 0.128125
28 0.23125 0.8890625 0.128125 0.1296875