11 0.0625 0.640625 0.065625 0.66875
15 0.128125 0.6359375 0.06875 0.66875
4 0.196875 0.640625 0.0671875 0.68984375
8 0.26328125 0.64609375 0.06796875 0.67890625
8 0.33125 0.63828125 0.065625 0.6640625
8 0.3984375 0.640625 0.0703125 0.66875
12 0.465625 0.63828125 0.06953125 0.67421875
5 0.5328125 0.640625 0.06796875 0.66875
9 0.59921875 0.6359375 0.06875 0.65859375
13 0.6671875 0.6359375 0.06796875 0.66875
13 0.73515625 0.6359375 0.06796875 0.65859375
17 0.8015625 0.640625 0.06640625 0.66875
21 0.86875 0.64609375 0.0671875 0.66875
24 0.9578125 0.63359375 0.06796875 0.684375