33 0.09765625 0.4515625 0.0703125 0.3953125
33 0.16640625 0.46015625 0.0671875 0.37890625
29 0.2359375 0.4734375 0.0671875 0.41640625
25 0.3046875 0.4625 0.0671875 0.40546875
28 0.3734375 0.4765625 0.06484375 0.4109375
24 0.44296875 0.47109375 0.0640625 0.421875
20 0.5125 0.47109375 0.065625 0.421875
16 0.58203125 0.46796875 0.06640625 0.42734375
8 0.65078125 0.47109375 0.06328125 0.4109375
4 0.71953125 0.47109375 0.065625 0.4328125
23 0.7890625 0.47890625 0.06171875 0.40546875
19 0.8578125 0.4546875 0.07421875 0.40078125
15 0.92734375 0.46796875 0.0734375 0.41640625