3 0.05703125 0.6078125 0.0640625 0.70078125
7 0.121875 0.6109375 0.06640625 0.70625
19 0.18828125 0.61875 0.06484375 0.70078125
8 0.2546875 0.61328125 0.06796875 0.68984375
12 0.3203125 0.61328125 0.06640625 0.70078125
9 0.38671875 0.61640625 0.065625 0.70625
9 0.45234375 0.61328125 0.065625 0.71171875
6 0.51953125 0.60546875 0.06640625 0.6953125
10 0.58515625 0.61640625 0.065625 0.70625
10 0.6515625 0.61640625 0.06640625 0.6953125
14 0.71796875 0.61875 0.06640625 0.68984375
26 0.784375 0.6078125 0.06484375 0.68984375
26 0.84921875 0.60546875 0.06484375 0.70625
30 0.93828125 0.60546875 0.06328125 0.6953125