1 0.56953125 0.30078125 0.26328125 0.0578125
33 0.2359375 0.87890625 0.30625 0.0796875
29 0.28046875 0.7984375 0.29765625 0.06953125
25 0.334375 0.71875 0.29140625 0.06953125
9 0.375 0.640625 0.2890625 0.0609375
9 0.41796875 0.56796875 0.27734375 0.0625
35 0.46015625 0.50234375 0.271875 0.06796875
32 0.4984375 0.43046875 0.275 0.0625
28 0.53671875 0.365625 0.26640625 0.06328125
12 0.6046875 0.2390625 0.24921875 0.059375
11 0.640625 0.18046875 0.2515625 0.0578125
7 0.67421875 0.121875 0.24609375 0.059375
3 0.70546875 0.06796875 0.2515625 0.0546875