3 0.04609375 0.584375 0.06875 0.81015625
11 0.11484375 0.575 0.06796875 0.79140625
11 0.18359375 0.584375 0.0671875 0.79765625
15 0.25234375 0.578125 0.06875 0.79765625
15 0.3203125 0.571875 0.06796875 0.81015625
19 0.3890625 0.58125 0.06875 0.79140625
12 0.45859375 0.578125 0.0671875 0.78515625
24 0.52578125 0.578125 0.0671875 0.78515625
35 0.59453125 0.58125 0.0671875 0.77890625
5 0.66328125 0.58125 0.06953125 0.79140625
2 0.73125 0.58125 0.06875 0.79140625
33 0.80078125 0.584375 0.06640625 0.78515625
33 0.86875 0.590625 0.0671875 0.78515625
33 0.96015625 0.58125 0.065625 0.7671875