7 0.0546875 0.58125 0.06484375 0.7859375
11 0.11953125 0.575 0.06640625 0.7984375
15 0.18359375 0.590625 0.06484375 0.77890625
0 0.2484375 0.584375 0.065625 0.77890625
19 0.3125 0.59453125 0.06328125 0.77265625
27 0.3765625 0.578125 0.06328125 0.76640625
12 0.44140625 0.59765625 0.06484375 0.740625
16 0.50546875 0.590625 0.065625 0.72734375
35 0.56953125 0.584375 0.06484375 0.753125
17 0.634375 0.59453125 0.06484375 0.759375
25 0.6984375 0.60078125 0.06484375 0.746875
33 0.7625 0.60078125 0.065625 0.73359375
6 0.8265625 0.584375 0.0625 0.72734375
20 0.91171875 0.59453125 0.06015625 0.746875