11 0.12421875 0.5796875 0.1484375 0.2984375
27 0.27890625 0.58203125 0.1421875 0.28984375
22 0.43046875 0.5875 0.1515625 0.33828125
5 0.57890625 0.59140625 0.140625 0.30234375
14 0.72890625 0.596875 0.15078125 0.30859375
18 0.8796875 0.5953125 0.14921875 0.2953125
0 0.1234375 0.28984375 0.14921875 0.2671875
35 0.2734375 0.28984375 0.13671875 0.2640625
7 0.421875 0.28984375 0.1375 0.2671875
17 0.571875 0.296875 0.13828125 0.27109375
26 0.721875 0.2875 0.13828125 0.28671875
21 0.87109375 0.29296875 0.14296875 0.27421875