15 0.75078125 0.89453125 0.32890625 0.08359375
19 0.690625 0.80859375 0.3125 0.08203125
23 0.64375 0.7265625 0.27734375 0.06171875
27 0.5984375 0.65234375 0.28359375 0.0703125
31 0.546875 0.57890625 0.27734375 0.0671875
34 0.4921875 0.50546875 0.27734375 0.06484375
16 0.453125 0.4328125 0.2640625 0.06015625
16 0.409375 0.3671875 0.2609375 0.05703125
16 0.36796875 0.3015625 0.2609375 0.06171875
17 0.32265625 0.2390625 0.2609375 0.05546875
25 0.28515625 0.17890625 0.2515625 0.053125
18 0.25 0.1203125 0.23828125 0.053125
18 0.2109375 0.06328125 0.2515625 0.05