16 0.05390625 0.6390625 0.06953125 0.70078125
20 0.1203125 0.628125 0.06953125 0.7109375
24 0.1890625 0.628125 0.06484375 0.66875
28 0.25703125 0.63671875 0.06484375 0.6734375
5 0.3234375 0.63359375 0.06484375 0.67890625
5 0.38984375 0.63359375 0.06796875 0.68984375
9 0.4578125 0.63671875 0.0671875 0.6734375
9 0.525 0.64140625 0.0671875 0.6734375
13 0.59140625 0.646875 0.06484375 0.66328125
33 0.66015625 0.64140625 0.06484375 0.684375
33 0.7265625 0.63671875 0.06796875 0.684375
36 0.79453125 0.63359375 0.0671875 0.67890625
36 0.8609375 0.63125 0.0640625 0.6953125
31 0.94921875 0.63671875 0.06484375 0.6734375