20 0.23671875 0.84921875 0.3671875 0.1359375
31 0.25234375 0.70546875 0.365625 0.1390625
14 0.28359375 0.56484375 0.353125 0.12734375
29 0.31171875 0.42890625 0.3421875 0.12421875
17 0.33984375 0.29609375 0.340625 0.11953125
32 0.375 0.1546875 0.27578125 0.1578125
5 0.61015625 0.815625 0.365625 0.1375
36 0.6359375 0.67265625 0.35078125 0.13046875
18 0.65859375 0.525 0.3546875 0.140625
30 0.67578125 0.390625 0.3421875 0.12734375
7 0.69765625 0.2609375 0.32734375 0.12578125
6 0.72265625 0.13359375 0.3234375 0.12109375