28 0.378125 0.9359375 0.0859375 0.090625
32 0.37890625 0.8640625 0.0859375 0.0875
6 0.37890625 0.79375 0.084375 0.0875
7 0.37890625 0.7234375 0.084375 0.0828125
32 0.38125 0.65234375 0.0875 0.078125
18 0.38125 0.58046875 0.0828125 0.071875
8 0.3828125 0.51171875 0.084375 0.0671875
6 0.384375 0.44296875 0.0796875 0.071875
11 0.384375 0.3796875 0.0796875 0.0703125
12 0.38515625 0.31171875 0.0828125 0.078125
11 0.384375 0.246875 0.078125 0.0796875
31 0.384375 0.18203125 0.0796875 0.08125
5 0.3875 0.11640625 0.0765625 0.0859375
36 0.3890625 0.05234375 0.0796875 0.0859375