10 0.0640625 0.49453125 0.109375 0.078125
19 0.14375 0.490625 0.0953125 0.078125
22 0.22109375 0.48671875 0.09375 0.0734375
8 0.296875 0.48125 0.0828125 0.0765625
11 0.3703125 0.47890625 0.075 0.075
31 0.440625 0.475 0.0671875 0.0734375
7 0.5125 0.471875 0.0703125 0.071875
18 0.57890625 0.46796875 0.0734375 0.0703125
22 0.64609375 0.46484375 0.0796875 0.0703125
16 0.71015625 0.4640625 0.078125 0.0671875
27 0.77421875 0.4578125 0.08125 0.06875
6 0.83359375 0.45390625 0.0859375 0.0703125
33 0.89296875 0.45390625 0.0828125 0.0671875
5 0.95 0.4484375 0.0796875 0.0640625