32 0.2703125 0.15546875 0.103125 0.1015625
16 0.30546875 0.19296875 0.10625 0.1046875
3 0.34453125 0.2328125 0.10625 0.10625
11 0.38203125 0.275 0.1078125 0.10625
36 0.425 0.3171875 0.109375 0.109375
30 0.46640625 0.36015625 0.103125 0.1015625
29 0.5078125 0.4125 0.103125 0.103125
14 0.55390625 0.46171875 0.1046875 0.1046875
11 0.58203125 0.38984375 0.1171875 0.1171875
22 0.60234375 0.5140625 0.0984375 0.0984375
32 0.6578125 0.5640625 0.103125 0.103125
26 0.7109375 0.6203125 0.1140625 0.1140625
22 0.76796875 0.6765625 0.11875 0.1171875
14 0.825 0.7375 0.1265625 0.125