35 0.4703125 0.909375 0.078125 0.1
28 0.47109375 0.83125 0.075 0.09375
13 0.46875 0.75859375 0.0765625 0.090625
19 0.46796875 0.684375 0.075 0.0859375
32 0.4671875 0.6109375 0.0734375 0.078125
25 0.465625 0.5390625 0.0734375 0.0703125
20 0.465625 0.46953125 0.071875 0.0703125
13 0.4640625 0.39921875 0.071875 0.075
6 0.4625 0.3328125 0.0703125 0.078125
10 0.4609375 0.26328125 0.075 0.0859375
34 0.46171875 0.1984375 0.075 0.0859375
19 0.45859375 0.1328125 0.071875 0.084375
34 0.45703125 0.07109375 0.0703125 0.0875