26 0.04609375 0.4640625 0.0921875 0.078125
24 0.11328125 0.459375 0.0984375 0.078125
19 0.184375 0.45703125 0.0953125 0.0765625
15 0.2546875 0.4546875 0.090625 0.075
18 0.32421875 0.45 0.0828125 0.0765625
20 0.39140625 0.44765625 0.0765625 0.075
13 0.45859375 0.44453125 0.0671875 0.0734375
35 0.52421875 0.4421875 0.0671875 0.075
14 0.58828125 0.43828125 0.0703125 0.071875
32 0.6515625 0.43828125 0.071875 0.071875
35 0.71328125 0.4328125 0.0734375 0.071875
25 0.7765625 0.43046875 0.078125 0.0703125
22 0.8390625 0.428125 0.0828125 0.0734375
34 0.8984375 0.42578125 0.0875 0.071875