24 0.0859375 0.6171875 0.1609375 0.1484375
13 0.1765625 0.565625 0.140625 0.1375
24 0.25703125 0.5171875 0.1296875 0.1296875
31 0.334375 0.46796875 0.1171875 0.125
10 0.4078125 0.4296875 0.109375 0.115625
8 0.46953125 0.38984375 0.109375 0.1140625
27 0.46015625 0.30625 0.134375 0.11875
32 0.53046875 0.353125 0.109375 0.1125
15 0.584375 0.3234375 0.109375 0.109375
22 0.63515625 0.2859375 0.103125 0.10625
23 0.68125 0.259375 0.10625 0.1046875
27 0.73046875 0.23359375 0.1078125 0.1015625
27 0.7765625 0.2078125 0.10625 0.1
17 0.82109375 0.18671875 0.103125 0.0984375