3 0.115625 0.71015625 0.1625 0.15625
12 0.18828125 0.64609375 0.1546875 0.1484375
10 0.2609375 0.57890625 0.1359375 0.134375
20 0.33046875 0.5203125 0.125 0.125
13 0.39375 0.4640625 0.1203125 0.125
9 0.4546875 0.415625 0.11875 0.121875
16 0.509375 0.36796875 0.1171875 0.1203125
33 0.53203125 0.25859375 0.134375 0.125
6 0.56015625 0.3234375 0.11875 0.1171875
30 0.60859375 0.28125 0.115625 0.115625
15 0.65234375 0.24140625 0.115625 0.115625
12 0.69453125 0.2046875 0.1109375 0.1109375
3 0.7359375 0.16875 0.109375 0.1078125
26 0.77265625 0.1375 0.109375 0.1078125