36 0.146875 0.759375 0.16875 0.1671875
35 0.21171875 0.68515625 0.1546875 0.153125
16 0.2703125 0.6125 0.14375 0.1453125
3 0.32890625 0.546875 0.13125 0.13125
30 0.3859375 0.48359375 0.121875 0.1234375
34 0.4375 0.425 0.1171875 0.11875
30 0.48203125 0.371875 0.1203125 0.121875
24 0.525 0.3203125 0.11875 0.11875
36 0.565625 0.27421875 0.115625 0.1171875
32 0.53671875 0.190625 0.1265625 0.1234375
11 0.60625 0.22890625 0.115625 0.1171875
14 0.640625 0.1859375 0.1109375 0.1109375
19 0.675 0.14765625 0.109375 0.1109375
20 0.70625 0.1109375 0.10625 0.10625