29 0.88046875 0.47734375 0.1484375 0.146875
11 0.7625 0.503125 0.1234375 0.1390625
9 0.6515625 0.5203125 0.1015625 0.13125
26 0.55703125 0.53671875 0.09375 0.125
17 0.475 0.553125 0.0859375 0.115625
10 0.4015625 0.56875 0.090625 0.1125
12 0.33515625 0.5828125 0.0875 0.1015625
15 0.2734375 0.59453125 0.084375 0.1015625
32 0.2515625 0.6828125 0.09375 0.090625
14 0.21875 0.60390625 0.0765625 0.096875
21 0.16875 0.615625 0.071875 0.09375
14 0.121875 0.621875 0.0703125 0.090625
33 0.0828125 0.63125 0.0671875 0.084375
22 0.04375 0.63984375 0.065625 0.0828125