31 0.08671875 0.56171875 0.14375 0.140625
17 0.190625 0.53984375 0.1265625 0.1328125
8 0.2875 0.5171875 0.1140625 0.1296875
17 0.3765625 0.4984375 0.0984375 0.125
15 0.4625 0.48125 0.0921875 0.115625
18 0.5375 0.465625 0.0875 0.1109375
11 0.60859375 0.4484375 0.0859375 0.10625
27 0.6703125 0.34765625 0.0984375 0.0953125
35 0.67421875 0.43046875 0.0828125 0.10625
26 0.73515625 0.42109375 0.0859375 0.1015625
20 0.7921875 0.4078125 0.078125 0.0984375
4 0.8453125 0.3953125 0.075 0.09375
21 0.89140625 0.38515625 0.0765625 0.09375
27 0.93671875 0.3734375 0.071875 0.090625