6 0.915625 0.6125 0.0875 0.0671875
7 0.85859375 0.61015625 0.0875 0.071875
25 0.803125 0.60390625 0.0859375 0.0734375
19 0.74375 0.60078125 0.0875 0.075
28 0.68046875 0.596875 0.084375 0.075
17 0.61640625 0.5921875 0.0859375 0.078125
10 0.6609375 0.66875 0.109375 0.06875
9 0.54921875 0.5859375 0.08125 0.078125
36 0.48046875 0.575 0.071875 0.075
34 0.403125 0.56875 0.078125 0.078125
5 0.3234375 0.5640625 0.0875 0.078125
7 0.24296875 0.55625 0.0953125 0.0859375
13 0.15546875 0.55 0.10625 0.0859375
6 0.06484375 0.54453125 0.1140625 0.0875