5 0.09765625 0.3265625 0.1015625 0.1328125
9 0.2 0.3265625 0.1015625 0.134375
13 0.30234375 0.3265625 0.0984375 0.1328125
17 0.4015625 0.328125 0.096875 0.134375
21 0.50078125 0.32890625 0.0984375 0.13125
25 0.5984375 0.32890625 0.096875 0.13125
29 0.696875 0.3296875 0.1015625 0.1328125
33 0.79765625 0.33125 0.0984375 0.13125
36 0.89921875 0.33359375 0.096875 0.1328125
4 0.09921875 0.46171875 0.103125 0.134375
8 0.2015625 0.46171875 0.1015625 0.134375
12 0.303125 0.4609375 0.1015625 0.1328125
16 0.403125 0.46171875 0.0984375 0.1328125
20 0.5015625 0.46171875 0.0984375 0.13125
24 0.6 0.4625 0.1 0.1328125
28 0.7 0.46328125 0.0984375 0.1328125
32 0.79765625 0.465625 0.1 0.13125
35 0.89921875 0.4671875 0.1015625 0.1328125
3 0.0984375 0.596875 0.103125 0.134375
7 0.2015625 0.5953125 0.1015625 0.134375
11 0.303125 0.5953125 0.0984375 0.134375
15 0.403125 0.59453125 0.0984375 0.1328125
19 0.5015625 0.59375 0.0984375 0.1328125
23 0.60078125 0.5953125 0.1 0.1328125
27 0.7015625 0.596875 0.1 0.1328125
31 0.8015625 0.5984375 0.1015625 0.134375
34 0.90078125 0.60078125 0.103125 0.134375
22 0.09609375 0.734375 0.1015625 0.1390625
26 0.20078125 0.73203125 0.10625 0.1375
30 0.3015625 0.73125 0.1015625 0.1359375
6 0.40234375 0.73046875 0.1 0.1375
10 0.50234375 0.7296875 0.0984375 0.1359375
14 0.603125 0.73125 0.1 0.1375
18 0.70234375 0.73125 0.1015625 0.1359375