31 0.9265625 0.4921875 0.1046875 0.1
17 0.840625 0.49921875 0.1 0.1
8 0.76171875 0.50625 0.0921875 0.0984375
17 0.6796875 0.5125 0.0875 0.0984375
15 0.603125 0.5171875 0.0828125 0.09375
18 0.5265625 0.52265625 0.0765625 0.090625
11 0.453125 0.528125 0.071875 0.090625
27 0.38671875 0.615625 0.103125 0.0828125
35 0.3796875 0.534375 0.0734375 0.090625
26 0.31171875 0.54140625 0.0796875 0.090625
20 0.24296875 0.546875 0.0796875 0.090625
4 0.1765625 0.55234375 0.0765625 0.0890625
21 0.115625 0.5578125 0.078125 0.0859375
27 0.053125 0.56328125 0.0796875 0.0875