24 0.421875 0.79375 0.1015625 0.090625
29 0.41875 0.7078125 0.09375 0.084375
23 0.41796875 0.6296875 0.090625 0.0828125
22 0.4171875 0.5578125 0.0875 0.0796875
31 0.41640625 0.490625 0.0859375 0.078125
5 0.41484375 0.4265625 0.078125 0.075
18 0.41328125 0.36796875 0.0765625 0.0765625
6 0.4109375 0.3125 0.078125 0.0765625
22 0.33671875 0.25859375 0.0625 0.090625
31 0.409375 0.26171875 0.075 0.075
36 0.40859375 0.21015625 0.071875 0.0734375
31 0.40859375 0.16328125 0.0734375 0.0671875
18 0.41015625 0.11953125 0.06875 0.071875
7 0.40546875 0.08125 0.0703125 0.0671875