23 0.45859375 0.946875 0.0734375 0.1046875
31 0.45625 0.871875 0.071875 0.109375
36 0.45390625 0.78984375 0.0703125 0.103125
16 0.45 0.709375 0.06875 0.09375
24 0.446875 0.63046875 0.0640625 0.0859375
7 0.44453125 0.553125 0.0671875 0.0765625
19 0.3796875 0.50625 0.0625 0.1109375
14 0.4390625 0.47578125 0.071875 0.078125
9 0.43671875 0.40234375 0.0703125 0.0828125
4 0.4328125 0.32734375 0.0703125 0.0890625
5 0.4296875 0.25703125 0.06875 0.0921875
22 0.42734375 0.18828125 0.0671875 0.0953125
25 0.42578125 0.1203125 0.0671875 0.0984375
4 0.4234375 0.053125 0.065625 0.0984375