5 0.1515625 0.78125 0.1296875 0.1296875
26 0.20546875 0.73046875 0.1203125 0.11875
13 0.25625 0.67734375 0.1109375 0.1109375
5 0.30625 0.62421875 0.1140625 0.1125
33 0.3609375 0.571875 0.1046875 0.1046875
18 0.41171875 0.52421875 0.1015625 0.1015625
11 0.46328125 0.47109375 0.096875 0.096875
33 0.4734375 0.38125 0.121875 0.11875
21 0.51796875 0.42265625 0.0984375 0.0984375
26 0.56875 0.36875 0.103125 0.103125
35 0.61640625 0.31953125 0.10625 0.10625
23 0.6578125 0.2640625 0.109375 0.109375
29 0.70546875 0.215625 0.109375 0.109375
18 0.753125 0.16796875 0.1140625 0.1140625