35 0.0375 0.4515625 0.075 0.09375
16 0.084375 0.44453125 0.09375 0.0953125
36 0.13828125 0.440625 0.0890625 0.0953125
4 0.19609375 0.4390625 0.090625 0.0984375
6 0.25625 0.43359375 0.0921875 0.1
31 0.31875 0.42890625 0.0921875 0.103125
17 0.38515625 0.4265625 0.0890625 0.1015625
5 0.45390625 0.42109375 0.0875 0.10625
33 0.5234375 0.4171875 0.0859375 0.1046875
26 0.5984375 0.4109375 0.096875 0.1109375
24 0.6765625 0.40703125 0.10625 0.1125
7 0.75703125 0.403125 0.109375 0.1171875
23 0.84296875 0.3984375 0.1171875 0.11875
27 0.93125 0.39375 0.1265625 0.1265625