34 0.10625 0.2515625 0.1078125 0.1078125
14 0.159375 0.271875 0.109375 0.1078125
34 0.21484375 0.2921875 0.109375 0.109375
16 0.2734375 0.3171875 0.109375 0.109375
19 0.33359375 0.33984375 0.109375 0.109375
10 0.396875 0.365625 0.10625 0.109375
26 0.46171875 0.38984375 0.1015625 0.109375
29 0.5265625 0.41640625 0.1015625 0.1109375
4 0.615625 0.36171875 0.1265625 0.109375
29 0.5953125 0.44375 0.1 0.1109375
27 0.6671875 0.46875 0.103125 0.115625
24 0.7421875 0.50078125 0.1140625 0.1203125
9 0.8171875 0.5265625 0.121875 0.125
9 0.8953125 0.5578125 0.1296875 0.1296875