20 0.9234375 0.51484375 0.1515625 0.1609375
27 0.79375 0.5359375 0.1265625 0.146875
28 0.68046875 0.5546875 0.109375 0.134375
7 0.58359375 0.56953125 0.103125 0.125
23 0.5015625 0.58046875 0.0984375 0.1140625
35 0.42890625 0.5921875 0.0953125 0.1109375
32 0.3640625 0.60234375 0.0859375 0.103125
22 0.30546875 0.6109375 0.08125 0.0984375
33 0.2515625 0.61875 0.0828125 0.09375
29 0.2046875 0.62578125 0.0765625 0.0859375
34 0.19765625 0.70703125 0.0953125 0.075
7 0.159375 0.63125 0.0734375 0.084375
5 0.11796875 0.63515625 0.075 0.08125
7 0.08125 0.63828125 0.0703125 0.078125