18 0.0765625 0.43203125 0.09375 0.090625
21 0.134375 0.4265625 0.09375 0.09375
5 0.19609375 0.42265625 0.0921875 0.09375
6 0.2609375 0.4171875 0.0921875 0.0921875
23 0.3265625 0.41328125 0.0859375 0.09375
30 0.39140625 0.4078125 0.0859375 0.0953125
22 0.4578125 0.4015625 0.084375 0.09375
30 0.5265625 0.39609375 0.0828125 0.09375
11 0.59765625 0.390625 0.0875 0.0953125
17 0.66875 0.38671875 0.0921875 0.0953125
8 0.68671875 0.3078125 0.11875 0.0859375
27 0.7375 0.37890625 0.09375 0.1
11 0.81171875 0.37421875 0.1015625 0.1015625
3 0.8875 0.36796875 0.103125 0.1015625