36 0.0953125 0.33828125 0.11875 0.0828125
35 0.16875 0.3546875 0.1140625 0.08125
16 0.2421875 0.36328125 0.109375 0.0828125
3 0.31328125 0.38046875 0.1015625 0.08125
30 0.384375 0.39375 0.09375 0.08125
34 0.45625 0.4078125 0.0890625 0.078125
30 0.528125 0.4234375 0.0859375 0.078125
24 0.5984375 0.4359375 0.0859375 0.0796875
36 0.66484375 0.45078125 0.09375 0.08125
32 0.7140625 0.39375 0.125 0.0875
11 0.73515625 0.46328125 0.1 0.0828125
14 0.80234375 0.4765625 0.1015625 0.0828125
19 0.86796875 0.490625 0.10625 0.0859375
20 0.9328125 0.503125 0.1078125 0.0828125