7 0.0609375 0.43671875 0.1109375 0.0859375
21 0.14140625 0.43359375 0.1046875 0.0828125
15 0.2203125 0.42890625 0.096875 0.084375
14 0.29765625 0.42578125 0.090625 0.084375
8 0.37578125 0.42265625 0.0828125 0.0828125
32 0.45078125 0.42265625 0.075 0.08125
25 0.52578125 0.34296875 0.1046875 0.078125
23 0.525 0.415625 0.0765625 0.0859375
5 0.59765625 0.41484375 0.0796875 0.08125
36 0.66953125 0.4125 0.0859375 0.0796875
36 0.7390625 0.40703125 0.0859375 0.0796875
8 0.80625 0.40546875 0.0890625 0.0765625
17 0.87421875 0.403125 0.090625 0.075
25 0.93671875 0.40078125 0.0953125 0.078125