25 0.1484375 0.33359375 0.1859375 0.184375
32 0.24296875 0.37578125 0.16875 0.16875
8 0.3359375 0.4140625 0.153125 0.1546875
34 0.4171875 0.45 0.1328125 0.1375
28 0.4921875 0.4828125 0.125 0.128125
29 0.559375 0.5125 0.1203125 0.125
19 0.68671875 0.48515625 0.1359375 0.134375
35 0.61875 0.5390625 0.11875 0.1234375
18 0.675 0.5640625 0.1171875 0.121875
19 0.73125 0.584375 0.1125 0.1171875
34 0.7765625 0.6046875 0.109375 0.1125
36 0.821875 0.6234375 0.103125 0.10625
24 0.86171875 0.63984375 0.1015625 0.103125
27 0.90078125 0.65546875 0.0984375 0.1015625