26 0.8640625 0.51015625 0.1109375 0.096875
24 0.78125 0.521875 0.09375 0.090625
19 0.7046875 0.5328125 0.08125 0.084375
15 0.63359375 0.54140625 0.0703125 0.08125
18 0.56953125 0.55390625 0.0640625 0.078125
20 0.50703125 0.5609375 0.059375 0.078125
13 0.45 0.56796875 0.0625 0.075
35 0.39921875 0.5765625 0.0625 0.0703125
14 0.3484375 0.58515625 0.0625 0.0703125
32 0.30078125 0.59296875 0.0609375 0.0703125
35 0.253125 0.60078125 0.0625 0.0703125
25 0.209375 0.60625 0.0640625 0.0671875
22 0.16796875 0.6109375 0.0640625 0.0640625
34 0.1296875 0.61875 0.0640625 0.0640625