5 0.93515625 0.61875 0.0875 0.0703125
26 0.8765625 0.615625 0.084375 0.0703125
13 0.81953125 0.6109375 0.084375 0.075
5 0.76015625 0.6078125 0.0859375 0.0765625
33 0.69921875 0.59921875 0.0828125 0.075
18 0.634375 0.59453125 0.0828125 0.08125
11 0.565625 0.590625 0.078125 0.0796875
21 0.496875 0.57890625 0.0734375 0.0765625
33 0.5171875 0.6515625 0.1046875 0.0671875
26 0.42265625 0.575 0.0765625 0.0765625
35 0.346875 0.57109375 0.078125 0.0828125
23 0.26484375 0.571875 0.090625 0.084375
29 0.1828125 0.5671875 0.0984375 0.0859375
18 0.10234375 0.56171875 0.109375 0.090625