15 0.5921875 0.04921875 0.09375 0.0984375
21 0.59296875 0.12578125 0.09375 0.096875
13 0.5984375 0.20546875 0.090625 0.09375
12 0.6 0.28203125 0.09375 0.090625
12 0.6 0.3578125 0.09375 0.090625
15 0.60234375 0.428125 0.0875 0.078125
16 0.60546875 0.5 0.0859375 0.0703125
9 0.6078125 0.57109375 0.0875 0.0765625
17 0.6109375 0.6390625 0.0875 0.0765625
20 0.6140625 0.7078125 0.0859375 0.08125
22 0.61484375 0.76953125 0.0828125 0.0828125
15 0.61796875 0.83359375 0.0859375 0.08125
36 0.61875 0.89296875 0.0828125 0.0859375
28 0.62109375 0.95390625 0.0828125 0.08125