28 0.0640625 0.378125 0.090625 0.0859375
32 0.1359375 0.37890625 0.0875 0.0859375
6 0.20625 0.37890625 0.0875 0.084375
7 0.2765625 0.37890625 0.0828125 0.084375
32 0.34765625 0.38125 0.078125 0.0875
18 0.41953125 0.38125 0.0703125 0.0828125
8 0.48828125 0.3828125 0.0671875 0.084375
6 0.55703125 0.384375 0.071875 0.0796875
11 0.6203125 0.384375 0.0703125 0.0796875
12 0.68828125 0.38515625 0.078125 0.0828125
11 0.753125 0.384375 0.078125 0.078125
31 0.81796875 0.384375 0.08125 0.0796875
5 0.88359375 0.3875 0.0859375 0.0765625
36 0.94765625 0.3890625 0.0859375 0.0796875