33 0.18671875 0.64375 0.1453125 0.1421875
21 0.2625 0.59296875 0.134375 0.1375
32 0.3359375 0.54375 0.11875 0.125
26 0.403125 0.5015625 0.1140625 0.11875
32 0.4640625 0.46015625 0.1109375 0.1171875
10 0.5203125 0.4234375 0.1140625 0.1171875
36 0.571875 0.3875 0.1109375 0.1140625
34 0.621875 0.353125 0.109375 0.109375
29 0.615625 0.265625 0.1296875 0.1109375
29 0.67109375 0.3234375 0.109375 0.109375
28 0.71953125 0.29453125 0.1046875 0.10625
26 0.76328125 0.26640625 0.0984375 0.1015625
4 0.80390625 0.23984375 0.1 0.1015625
19 0.8421875 0.21484375 0.1 0.1015625