16 0.22734375 0.26015625 0.1109375 0.109375
12 0.278125 0.2984375 0.109375 0.1078125
31 0.3296875 0.33515625 0.103125 0.1015625
29 0.38125 0.375 0.1015625 0.1015625
10 0.4328125 0.4109375 0.1 0.1015625
16 0.48125 0.4484375 0.0953125 0.0984375
25 0.53046875 0.4859375 0.090625 0.09375
18 0.5796875 0.4375 0.103125 0.0984375
27 0.58203125 0.521875 0.09375 0.0953125
13 0.63359375 0.559375 0.0984375 0.0984375
19 0.68046875 0.5984375 0.1 0.0984375
12 0.73125 0.63203125 0.103125 0.1015625
30 0.78046875 0.6703125 0.1046875 0.103125
8 0.82890625 0.70546875 0.103125 0.103125