24 0.3921875 0.9640625 0.078125 0.0703125
13 0.3953125 0.91484375 0.0796875 0.090625
24 0.4 0.8546875 0.0796875 0.0875
31 0.403125 0.790625 0.0828125 0.0875
10 0.40703125 0.72578125 0.0828125 0.0859375
8 0.4125 0.65625 0.0828125 0.0828125
27 0.33515625 0.65859375 0.075 0.1109375
32 0.41875 0.58671875 0.0859375 0.078125
15 0.42265625 0.515625 0.0828125 0.078125
22 0.42265625 0.43671875 0.0875 0.0734375
23 0.43046875 0.36015625 0.0859375 0.0828125
27 0.43515625 0.27734375 0.0859375 0.090625
27 0.4421875 0.19375 0.09375 0.1015625
17 0.45546875 0.10625 0.096875 0.109375