24 0.1296875 0.3734375 0.075 0.0828125
29 0.18125 0.3796875 0.0765625 0.08125
23 0.234375 0.3859375 0.0765625 0.084375
22 0.28828125 0.3921875 0.078125 0.0859375
31 0.3484375 0.39921875 0.075 0.0875
5 0.40859375 0.40546875 0.075 0.0875
18 0.46953125 0.4125 0.071875 0.090625
6 0.53671875 0.42109375 0.075 0.0921875
22 0.59453125 0.3421875 0.10625 0.0796875
31 0.603125 0.42734375 0.078125 0.09375
36 0.6796875 0.43671875 0.0828125 0.0984375
31 0.7578125 0.44765625 0.09375 0.0984375
18 0.8375 0.4578125 0.1 0.1046875
7 0.925 0.4671875 0.109375 0.1078125