22 0.75234375 0.76015625 0.10625 0.0796875
14 0.896875 0.62421875 0.1171875 0.0671875
34 0.80546875 0.6 0.1234375 0.0734375
6 0.79609375 0.503125 0.0984375 0.109375
35 0.5953125 0.753125 0.1140625 0.0859375
32 0.6203125 0.42578125 0.153125 0.1265625
30 0.4828125 0.32265625 0.1515625 0.171875
27 0.4578125 0.76484375 0.121875 0.0859375
12 0.41015625 0.6765625 0.1390625 0.1015625
35 0.34296875 0.5140625 0.1296875 0.13125
17 0.19375 0.52109375 0.1265625 0.1375
11 0.16484375 0.3421875 0.146875 0.16875