31 0.94453125 0.54140625 0.0859375 0.075
17 0.8859375 0.54296875 0.084375 0.0765625
8 0.8265625 0.54375 0.0828125 0.078125
17 0.76328125 0.54453125 0.0859375 0.0796875
15 0.7 0.5453125 0.084375 0.0796875
18 0.634375 0.546875 0.0859375 0.0828125
11 0.56640625 0.54765625 0.078125 0.0828125
27 0.51015625 0.6296875 0.109375 0.078125
35 0.496875 0.54765625 0.075 0.0828125
26 0.425 0.54921875 0.0765625 0.0859375
20 0.35078125 0.55 0.078125 0.0890625
4 0.271875 0.5515625 0.08125 0.0875
21 0.19296875 0.553125 0.0875 0.0875
27 0.115625 0.553125 0.0921875 0.090625