5 0.075 0.3421875 0.08125 0.0703125
20 0.1234375 0.34765625 0.078125 0.0703125
8 0.1765625 0.353125 0.0765625 0.0734375
13 0.23125 0.3578125 0.0796875 0.075
7 0.28671875 0.3640625 0.0796875 0.0765625
35 0.3453125 0.3703125 0.0796875 0.0796875
26 0.40859375 0.3765625 0.075 0.078125
34 0.4734375 0.38203125 0.0734375 0.0828125
4 0.53828125 0.3890625 0.0703125 0.08125
33 0.609375 0.39375 0.0765625 0.084375
12 0.68359375 0.40078125 0.078125 0.08125
4 0.75859375 0.409375 0.090625 0.0859375
19 0.84140625 0.415625 0.096875 0.090625
24 0.921875 0.4265625 0.10625 0.090625