28 0.8953125 0.70625 0.071875 0.0703125
32 0.8421875 0.6984375 0.0734375 0.0703125
6 0.79296875 0.69296875 0.071875 0.0703125
7 0.73984375 0.68671875 0.071875 0.071875
32 0.6859375 0.675 0.0703125 0.0703125
18 0.63203125 0.66875 0.0671875 0.071875
8 0.5734375 0.66015625 0.0625 0.075
6 0.51640625 0.65078125 0.0609375 0.075
11 0.45390625 0.6421875 0.0671875 0.0734375
12 0.39140625 0.63125 0.06875 0.0703125
11 0.3265625 0.6265625 0.071875 0.075
31 0.26015625 0.61484375 0.08125 0.0734375
5 0.19296875 0.6046875 0.0875 0.071875
36 0.12421875 0.5921875 0.09375 0.075