16 0.11015625 0.3625 0.06875 0.0796875
4 0.1640625 0.36640625 0.0703125 0.0828125
11 0.21796875 0.37109375 0.0703125 0.0828125
9 0.27265625 0.37421875 0.0703125 0.084375
14 0.33203125 0.37890625 0.06875 0.0859375
10 0.39375 0.38359375 0.0703125 0.0859375
20 0.45625 0.38984375 0.065625 0.084375
12 0.521875 0.3921875 0.071875 0.0859375
6 0.5296875 0.3171875 0.0984375 0.071875
7 0.590625 0.3953125 0.0765625 0.090625
24 0.66484375 0.40078125 0.08125 0.0953125
15 0.73984375 0.403125 0.0890625 0.0984375
12 0.815625 0.4109375 0.09375 0.0984375
3 0.896875 0.4140625 0.1015625 0.103125