31 0.89609375 0.53046875 0.14375 0.1484375
17 0.778125 0.54765625 0.1234375 0.1375
8 0.66875 0.56484375 0.1015625 0.1265625
17 0.57421875 0.58125 0.09375 0.11875
15 0.4921875 0.5953125 0.090625 0.1171875
18 0.41875 0.60703125 0.090625 0.109375
11 0.3546875 0.61875 0.0859375 0.1046875
35 0.31640625 0.709375 0.1015625 0.0921875
21 0.2921875 0.6296875 0.084375 0.1
27 0.23828125 0.6390625 0.0828125 0.09375
27 0.18671875 0.64609375 0.0796875 0.090625
26 0.140625 0.65390625 0.0703125 0.0859375
20 0.0953125 0.659375 0.0703125 0.0828125
4 0.05390625 0.6625 0.071875 0.0859375