20 0.21171875 0.56484375 0.1734375 0.1734375
6 0.4984375 0.6953125 0.196875 0.196875
25 0.77265625 0.58671875 0.2359375 0.2359375
26 0.5984375 0.5484375 0.209375 0.209375
13 0.48046875 0.5375 0.1703125 0.1703125
5 0.4078125 0.4484375 0.1765625 0.1765625
7 0.378125 0.3515625 0.1484375 0.1484375
13 0.39921875 0.23515625 0.115625 0.115625
21 0.4828125 0.290625 0.1265625 0.1265625
21 0.49296875 0.1765625 0.1296875 0.1296875
10 0.6 0.26953125 0.134375 0.134375
33 0.6765625 0.2296875 0.1390625 0.1390625