26 0.06875 0.38359375 0.078125 0.078125
25 0.1203125 0.38828125 0.078125 0.08125
9 0.17265625 0.3921875 0.0765625 0.084375
13 0.22734375 0.3984375 0.0796875 0.0859375
5 0.28671875 0.4046875 0.08125 0.0875
4 0.346875 0.4125 0.078125 0.0859375
22 0.41171875 0.41953125 0.078125 0.0890625
18 0.4796875 0.42578125 0.0765625 0.09375
16 0.55234375 0.43515625 0.075 0.09375
5 0.5984375 0.3546875 0.109375 0.0828125
33 0.63125 0.44140625 0.0828125 0.0953125
3 0.71171875 0.453125 0.09375 0.1015625
22 0.7984375 0.46640625 0.1046875 0.10625
23 0.89140625 0.478125 0.1171875 0.1046875