33 0.925 0.6 0.0984375 0.059375
5 0.8546875 0.59765625 0.0953125 0.0609375
29 0.784375 0.5984375 0.0890625 0.059375
25 0.7171875 0.60078125 0.0859375 0.059375
6 0.646875 0.6 0.08125 0.059375
16 0.578125 0.6 0.075 0.059375
36 0.50859375 0.6 0.0671875 0.059375
13 0.50625 0.66015625 0.1015625 0.053125
23 0.43828125 0.60078125 0.071875 0.0625
10 0.3734375 0.603125 0.078125 0.0625
31 0.303125 0.6 0.0828125 0.0625
26 0.23515625 0.60078125 0.0875 0.0609375
8 0.1671875 0.5984375 0.0875 0.0609375
18 0.10078125 0.5984375 0.1 0.059375