20 0.0609375 0.32109375 0.090625 0.0765625
24 0.1234375 0.3296875 0.084375 0.0765625
30 0.1828125 0.3375 0.084375 0.078125
34 0.2453125 0.346875 0.0828125 0.078125
27 0.3109375 0.35546875 0.0796875 0.0765625
20 0.37421875 0.365625 0.0765625 0.075
34 0.44375 0.3734375 0.071875 0.078125
7 0.51640625 0.38125 0.0734375 0.078125
14 0.5078125 0.309375 0.1 0.075
8 0.590625 0.3890625 0.08125 0.08125
17 0.66484375 0.39921875 0.090625 0.078125
31 0.7421875 0.41171875 0.09375 0.078125
4 0.81953125 0.4203125 0.103125 0.0796875
35 0.90078125 0.428125 0.1125 0.08125