31 0.54140625 0.05546875 0.075 0.0859375
17 0.54296875 0.1140625 0.0765625 0.084375
8 0.54375 0.1734375 0.078125 0.0828125
17 0.54453125 0.23671875 0.0796875 0.0859375
15 0.5453125 0.3 0.0796875 0.084375
18 0.546875 0.365625 0.0828125 0.0859375
11 0.54765625 0.43359375 0.0828125 0.078125
27 0.6296875 0.48984375 0.078125 0.109375
35 0.54765625 0.503125 0.0828125 0.075
26 0.54921875 0.575 0.0859375 0.0765625
20 0.55 0.64921875 0.0890625 0.078125
4 0.5515625 0.728125 0.0875 0.08125
21 0.553125 0.80703125 0.0875 0.0875
27 0.553125 0.884375 0.090625 0.0921875