28 0.29375 0.8953125 0.0703125 0.071875
32 0.3015625 0.8421875 0.0703125 0.0734375
6 0.30703125 0.79296875 0.0703125 0.071875
7 0.31328125 0.73984375 0.071875 0.071875
32 0.325 0.6859375 0.0703125 0.0703125
18 0.33125 0.63203125 0.071875 0.0671875
8 0.33984375 0.5734375 0.075 0.0625
6 0.34921875 0.51640625 0.075 0.0609375
11 0.3578125 0.45390625 0.0734375 0.0671875
12 0.36875 0.39140625 0.0703125 0.06875
11 0.3734375 0.3265625 0.075 0.071875
31 0.38515625 0.26015625 0.0734375 0.08125
5 0.3953125 0.19296875 0.071875 0.0875
36 0.4078125 0.12421875 0.075 0.09375