11 0.1375 0.32265625 0.1625 0.159375
32 0.22578125 0.35390625 0.15 0.1484375
12 0.31328125 0.38203125 0.140625 0.140625
28 0.3921875 0.4109375 0.125 0.1265625
25 0.46796875 0.43671875 0.115625 0.1171875
34 0.5375 0.45859375 0.1078125 0.1109375
6 0.6015625 0.48125 0.1078125 0.1109375
4 0.66796875 0.43671875 0.1296875 0.1296875
3 0.66484375 0.49921875 0.109375 0.1125
33 0.72265625 0.51875 0.1078125 0.109375
16 0.7796875 0.5375 0.10625 0.109375
21 0.8296875 0.5546875 0.103125 0.10625
31 0.87890625 0.56953125 0.1015625 0.103125
18 0.9265625 0.5828125 0.1046875 0.10625