24 0.15 0.31875 0.1109375 0.09375
32 0.2234375 0.3328125 0.10625 0.090625
6 0.2953125 0.3421875 0.0984375 0.0875
15 0.36328125 0.353125 0.0921875 0.0875
9 0.4328125 0.36484375 0.0859375 0.0890625
5 0.49921875 0.37578125 0.0796875 0.0859375
25 0.565625 0.384375 0.08125 0.0828125
27 0.63046875 0.3953125 0.0828125 0.0828125
31 0.6921875 0.4046875 0.0875 0.084375
11 0.7546875 0.41328125 0.0875 0.0828125
31 0.8140625 0.421875 0.0921875 0.0796875
18 0.8734375 0.4328125 0.0953125 0.084375
30 0.9296875 0.4421875 0.09375 0.08125