29 0.08984375 0.37265625 0.11875 0.109375
11 0.16953125 0.38984375 0.1125 0.109375
9 0.246875 0.4046875 0.1078125 0.1078125
26 0.32265625 0.4203125 0.1015625 0.109375
17 0.39765625 0.4328125 0.096875 0.1046875
10 0.471875 0.44921875 0.0921875 0.1015625
12 0.54140625 0.4640625 0.0890625 0.1
15 0.6109375 0.478125 0.0953125 0.1015625
32 0.6375 0.4 0.1140625 0.0921875
14 0.68046875 0.4921875 0.0984375 0.1015625
21 0.74921875 0.5046875 0.096875 0.1
14 0.8140625 0.51953125 0.0984375 0.1
33 0.8796875 0.5328125 0.1 0.1015625
22 0.940625 0.54453125 0.103125 0.0984375