25 0.05390625 0.5109375 0.1 0.1015625
28 0.11015625 0.50078125 0.1 0.1015625
30 0.16875 0.48671875 0.0984375 0.103125
35 0.228125 0.475 0.0984375 0.103125
6 0.2890625 0.465625 0.1 0.10625
28 0.3546875 0.4546875 0.0984375 0.10625
9 0.42109375 0.4421875 0.0953125 0.1078125
23 0.49140625 0.43046875 0.096875 0.109375
3 0.475 0.353125 0.1171875 0.109375
16 0.5640625 0.41953125 0.1 0.109375
13 0.64453125 0.40546875 0.1140625 0.1171875
8 0.7234375 0.3875 0.121875 0.1234375
31 0.809375 0.3765625 0.1296875 0.125
21 0.8953125 0.35859375 0.1359375 0.128125