14 0.4171875 0.9546875 0.0703125 0.0890625
23 0.41640625 0.8953125 0.0703125 0.0953125
30 0.415625 0.834375 0.0703125 0.09375
5 0.41640625 0.76640625 0.0703125 0.0890625
20 0.41640625 0.7015625 0.0703125 0.084375
22 0.4171875 0.63359375 0.071875 0.0828125
9 0.41640625 0.565625 0.0703125 0.075
17 0.41484375 0.496875 0.0703125 0.0703125
16 0.415625 0.42578125 0.0703125 0.071875
4 0.415625 0.35546875 0.0703125 0.078125
15 0.4140625 0.2828125 0.0703125 0.084375
23 0.4125 0.21171875 0.0734375 0.0875
18 0.4125 0.1390625 0.075 0.0921875
23 0.4125 0.0671875 0.075 0.0984375