32 0.1578125 0.7671875 0.121875 0.1203125
16 0.2125 0.709375 0.1140625 0.1140625
3 0.2625 0.65546875 0.1109375 0.109375
11 0.31484375 0.5984375 0.1015625 0.1015625
36 0.365625 0.5453125 0.0984375 0.0984375
30 0.41484375 0.49140625 0.0921875 0.0921875
29 0.47265625 0.440625 0.09375 0.09375
11 0.4734375 0.35078125 0.115625 0.1140625
14 0.521875 0.3875 0.096875 0.096875
22 0.56875 0.33203125 0.1015625 0.1015625
32 0.61328125 0.278125 0.1078125 0.10625
26 0.6625 0.225 0.1109375 0.1109375
22 0.709375 0.1765625 0.1125 0.1109375
14 0.7546875 0.12421875 0.115625 0.1140625