5 0.06875 0.63828125 0.1078125 0.10625
20 0.11015625 0.6125 0.1046875 0.103125
8 0.15546875 0.58359375 0.10625 0.1046875
13 0.20078125 0.55390625 0.109375 0.109375
7 0.2484375 0.525 0.109375 0.109375
35 0.2984375 0.49296875 0.1109375 0.1109375
26 0.35234375 0.459375 0.109375 0.109375
34 0.40703125 0.4234375 0.109375 0.109375
4 0.46171875 0.38984375 0.10625 0.1078125
33 0.5203125 0.3484375 0.1109375 0.1140625
12 0.584375 0.309375 0.1109375 0.1125
4 0.6484375 0.2703125 0.1234375 0.121875
19 0.7171875 0.22421875 0.1328125 0.1296875
24 0.7875 0.1828125 0.1390625 0.1359375