18 0.05859375 0.54609375 0.1171875 0.1140625
21 0.13359375 0.5296875 0.115625 0.109375
5 0.20546875 0.51484375 0.1125 0.1078125
6 0.28125 0.496875 0.1078125 0.1046875
23 0.35390625 0.48046875 0.103125 0.1078125
30 0.4265625 0.4640625 0.09375 0.103125
22 0.49921875 0.4484375 0.0984375 0.103125
30 0.57109375 0.4328125 0.09375 0.1046875
11 0.64140625 0.4171875 0.0953125 0.1015625
17 0.71171875 0.403125 0.1015625 0.1015625
8 0.725 0.3171875 0.128125 0.0984375
27 0.78046875 0.3875 0.1015625 0.1015625
11 0.846875 0.3703125 0.1015625 0.103125
3 0.9125 0.35625 0.1140625 0.10625