26 0.11015625 0.40390625 0.090625 0.096875
23 0.1921875 0.4078125 0.08125 0.0921875
20 0.26875 0.4109375 0.0765625 0.0859375
34 0.34296875 0.4125 0.075 0.090625
28 0.4140625 0.41484375 0.071875 0.0859375
10 0.48125 0.41875 0.075 0.0828125
7 0.54375 0.4203125 0.0765625 0.08125
29 0.6046875 0.42265625 0.0703125 0.08125
35 0.66328125 0.4234375 0.075 0.08125
21 0.7203125 0.35 0.096875 0.0640625
16 0.71875 0.4234375 0.0703125 0.0734375
4 0.775 0.42734375 0.071875 0.0703125
15 0.8234375 0.428125 0.0734375 0.071875
6 0.875 0.428125 0.071875 0.0703125