22 0.17421875 0.4796875 0.0953125 0.08125
23 0.24453125 0.46796875 0.0875 0.0796875
23 0.3109375 0.45703125 0.0796875 0.0765625
17 0.378125 0.44296875 0.071875 0.075
13 0.43828125 0.4328125 0.0703125 0.075
25 0.4984375 0.4203125 0.06875 0.071875
16 0.5546875 0.409375 0.071875 0.0734375
21 0.6109375 0.39921875 0.075 0.0765625
10 0.66640625 0.38984375 0.075 0.071875
30 0.721875 0.3796875 0.078125 0.071875
25 0.77265625 0.371875 0.078125 0.0703125
31 0.82109375 0.3625 0.075 0.0671875
30 0.87109375 0.353125 0.075 0.065625
18 0.9171875 0.34296875 0.078125 0.0703125