35 0.92578125 0.55546875 0.090625 0.125
20 0.5984375 0.6078125 0.1171875 0.134375
19 0.20859375 0.6359375 0.1640625 0.1625
10 0.80390625 0.3109375 0.121875 0.078125
15 0.6703125 0.3625 0.1140625 0.1046875
36 0.575 0.41796875 0.1328125 0.10625
21 0.70703125 0.25703125 0.115625 0.0953125
12 0.53359375 0.30390625 0.109375 0.0984375
9 0.3390625 0.26328125 0.1296875 0.1015625
23 0.2484375 0.21796875 0.1328125 0.0890625
28 0.259375 0.396875 0.140625 0.1265625
8 0.16953125 0.32890625 0.0984375 0.109375