5 0.425 0.946875 0.08125 0.103125
20 0.42265625 0.86875 0.078125 0.1
8 0.421875 0.79296875 0.0828125 0.0921875
13 0.42109375 0.71875 0.0796875 0.090625
7 0.41796875 0.64296875 0.0796875 0.0828125
35 0.415625 0.57109375 0.0765625 0.0734375
26 0.4125 0.49921875 0.078125 0.075
34 0.4125 0.4265625 0.0796875 0.0703125
4 0.41015625 0.3609375 0.0796875 0.0765625
33 0.40703125 0.29140625 0.075 0.078125
12 0.40625 0.22734375 0.0765625 0.0828125
4 0.40546875 0.1609375 0.075 0.084375
19 0.403125 0.1 0.075 0.0875
24 0.39921875 0.04140625 0.0703125 0.0796875