20 0.74453125 0.121875 0.1015625 0.1265625
24 0.71875 0.19609375 0.1 0.1203125
30 0.6890625 0.2703125 0.1015625 0.115625
34 0.6625 0.34375 0.1 0.1140625
27 0.63671875 0.41640625 0.0953125 0.1046875
20 0.61015625 0.48515625 0.090625 0.0953125
34 0.5859375 0.5578125 0.090625 0.09375
14 0.61875 0.6546875 0.096875 0.128125
7 0.5609375 0.628125 0.09375 0.1046875
8 0.53828125 0.6953125 0.0984375 0.1078125
17 0.51328125 0.7640625 0.096875 0.109375
31 0.48828125 0.82890625 0.0984375 0.1140625
4 0.46640625 0.89453125 0.0984375 0.115625
35 0.44375 0.94765625 0.1015625 0.103125