33 0.1 0.2578125 0.1 0.1
21 0.153125 0.27890625 0.0984375 0.096875
32 0.209375 0.29921875 0.09375 0.0984375
26 0.2640625 0.32109375 0.0953125 0.1015625
32 0.32109375 0.34296875 0.096875 0.0984375
10 0.3796875 0.36875 0.0921875 0.1015625
36 0.43984375 0.390625 0.090625 0.0984375
29 0.55 0.3453125 0.1078125 0.09375
34 0.49921875 0.41484375 0.0890625 0.1015625
29 0.56484375 0.4421875 0.0953125 0.10625
28 0.6296875 0.46796875 0.1046875 0.1109375
26 0.7 0.4984375 0.109375 0.1109375
4 0.7671875 0.52578125 0.1125 0.1140625
19 0.8390625 0.55390625 0.1171875 0.115625