25 0.18671875 0.22265625 0.0984375 0.0921875
32 0.23046875 0.246875 0.0953125 0.0890625
8 0.2796875 0.2703125 0.1 0.0921875
34 0.3296875 0.29609375 0.096875 0.09375
28 0.3796875 0.32265625 0.0953125 0.09375
29 0.43515625 0.35 0.09375 0.09375
35 0.4890625 0.3796875 0.090625 0.09375
19 0.50703125 0.3140625 0.1140625 0.0984375
18 0.546875 0.40859375 0.090625 0.09375
19 0.61015625 0.43671875 0.09375 0.1015625
34 0.67578125 0.47265625 0.1 0.0984375
36 0.740625 0.503125 0.109375 0.1015625
24 0.81328125 0.53828125 0.1109375 0.103125
27 0.88515625 0.5734375 0.128125 0.115625