36 0.3484375 0.77265625 0.059375 0.0578125
31 0.3546875 0.72578125 0.059375 0.0578125
3 0.3625 0.678125 0.0625 0.0578125
27 0.371875 0.63125 0.059375 0.05625
21 0.3796875 0.58125 0.0609375 0.0546875
36 0.38828125 0.53046875 0.059375 0.0546875
29 0.3953125 0.478125 0.0625 0.0546875
26 0.40546875 0.42265625 0.065625 0.059375
20 0.41328125 0.36796875 0.0671875 0.059375
34 0.421875 0.30703125 0.06875 0.065625
10 0.43125 0.24765625 0.0625 0.071875
34 0.32578125 0.9 0.0546875 0.0609375
10 0.3328125 0.85859375 0.0578125 0.05625
7 0.340625 0.81484375 0.0578125 0.0578125