7 0.21171875 0.17109375 0.1125 0.1125
21 0.2546875 0.21171875 0.1171875 0.1171875
15 0.2984375 0.253125 0.115625 0.115625
14 0.34453125 0.2953125 0.1171875 0.1171875
8 0.390625 0.3375 0.1171875 0.1171875
32 0.4390625 0.38203125 0.115625 0.1171875
23 0.48984375 0.4328125 0.1125 0.1140625
25 0.5328125 0.365625 0.1296875 0.1265625
5 0.54140625 0.48046875 0.1125 0.1140625
36 0.59375 0.53046875 0.1171875 0.1171875
36 0.64921875 0.5828125 0.121875 0.121875
8 0.71015625 0.63515625 0.1296875 0.1296875
17 0.76875 0.69296875 0.1328125 0.1328125
25 0.82890625 0.7484375 0.140625 0.140625