7 0.9390625 0.56328125 0.1109375 0.0859375
21 0.85859375 0.56640625 0.1046875 0.0828125
15 0.7796875 0.57109375 0.096875 0.084375
14 0.70234375 0.57421875 0.090625 0.084375
8 0.62421875 0.57734375 0.0828125 0.0828125
32 0.54921875 0.57734375 0.075 0.08125
25 0.47421875 0.65703125 0.1046875 0.078125
23 0.475 0.584375 0.0765625 0.0875
5 0.40234375 0.58515625 0.0796875 0.08125
36 0.33046875 0.5875 0.0859375 0.0796875
36 0.2609375 0.59296875 0.0859375 0.0796875
8 0.19375 0.59453125 0.0890625 0.0765625
17 0.12578125 0.596875 0.0890625 0.075
25 0.06328125 0.59921875 0.0953125 0.078125