35 0.11875 0.653125 0.1234375 0.1140625
28 0.18984375 0.61953125 0.1171875 0.109375
13 0.2546875 0.5859375 0.1140625 0.1078125
19 0.3203125 0.5515625 0.109375 0.103125
32 0.38671875 0.51953125 0.1015625 0.1
25 0.45 0.4859375 0.0953125 0.096875
20 0.5125 0.45546875 0.09375 0.0953125
13 0.575 0.4234375 0.0984375 0.0984375
6 0.634375 0.39375 0.1015625 0.0984375
10 0.69609375 0.3609375 0.109375 0.103125
34 0.7546875 0.3328125 0.1109375 0.10625
19 0.81171875 0.30234375 0.10625 0.1015625
34 0.8671875 0.2734375 0.109375 0.1015625