23 0.3390625 0.90390625 0.0625 0.0828125
31 0.34375 0.85078125 0.0671875 0.084375
36 0.34765625 0.79609375 0.0671875 0.084375
16 0.35390625 0.7390625 0.0703125 0.08125
24 0.359375 0.678125 0.0703125 0.0796875
7 0.36484375 0.61796875 0.075 0.078125
19 0.3078125 0.60078125 0.0640625 0.1015625
14 0.371875 0.553125 0.0703125 0.078125
9 0.37890625 0.48828125 0.071875 0.071875
4 0.38359375 0.4171875 0.075 0.075
5 0.3890625 0.34375 0.075 0.078125
22 0.39375 0.2671875 0.078125 0.0890625
25 0.40234375 0.1875 0.078125 0.0921875
4 0.41015625 0.10546875 0.0796875 0.103125