20 0.2203125 0.2625 0.246875 0.196875
6 0.0890625 0.62109375 0.178125 0.1328125
25 0.22578125 0.79609375 0.1453125 0.0625
26 0.2609375 0.69453125 0.16875 0.0953125
13 0.2734375 0.6015625 0.1921875 0.1296875
5 0.41328125 0.52578125 0.171875 0.096875
7 0.5921875 0.4828125 0.18125 0.1265625
21 0.65390625 0.5953125 0.1796875 0.1296875
10 0.634375 0.70234375 0.1578125 0.1015625
33 0.665625 0.76328125 0.1453125 0.090625
13 0.81953125 0.49296875 0.178125 0.14375
21 0.8765625 0.60078125 0.1609375 0.1265625