9 0.15 0.23046875 0.11875 0.1109375
22 0.20859375 0.25859375 0.1140625 0.1109375
31 0.27265625 0.2921875 0.115625 0.1140625
29 0.334375 0.3203125 0.1109375 0.1109375
20 0.3953125 0.35 0.1046875 0.10625
24 0.46015625 0.37890625 0.1 0.10625
7 0.521875 0.409375 0.096875 0.103125
26 0.58515625 0.43984375 0.1015625 0.109375
19 0.67421875 0.39921875 0.1265625 0.109375
22 0.646875 0.46796875 0.0984375 0.1015625
27 0.71015625 0.50078125 0.109375 0.109375
30 0.77421875 0.53046875 0.11875 0.1109375
17 0.83203125 0.5640625 0.1078125 0.1078125
24 0.9 0.5953125 0.11875 0.1140625