24 0.23203125 0.64296875 0.1359375 0.1359375
29 0.29296875 0.5828125 0.125 0.125
23 0.35 0.52890625 0.121875 0.121875
22 0.4015625 0.478125 0.11875 0.11875
31 0.45 0.4328125 0.115625 0.115625
5 0.49609375 0.3875 0.109375 0.109375
18 0.5375 0.346875 0.1078125 0.1078125
6 0.5765625 0.30625 0.109375 0.109375
22 0.565625 0.215625 0.109375 0.109375
31 0.61328125 0.271875 0.10625 0.10625
36 0.65 0.2359375 0.103125 0.103125
31 0.68359375 0.20390625 0.1 0.1
18 0.7171875 0.175 0.0984375 0.0984375
7 0.7421875 0.1453125 0.0953125 0.0953125