25 0.04609375 0.45625 0.0921875 0.1
28 0.121875 0.4515625 0.1109375 0.0953125
30 0.20390625 0.446875 0.103125 0.096875
35 0.28828125 0.4421875 0.09375 0.0953125
6 0.36875 0.4421875 0.0875 0.09375
28 0.4484375 0.440625 0.0796875 0.0890625
9 0.5265625 0.43828125 0.0765625 0.0921875
23 0.60078125 0.4359375 0.0828125 0.0859375
3 0.61796875 0.34921875 0.1171875 0.078125
16 0.6734375 0.43359375 0.084375 0.0875
13 0.746875 0.43203125 0.0875 0.090625
8 0.81875 0.43046875 0.0875 0.0890625
31 0.8859375 0.42578125 0.090625 0.0875
21 0.95234375 0.425 0.09375 0.084375