10 0.50546875 0.0640625 0.078125 0.109375
19 0.509375 0.14375 0.078125 0.0953125
22 0.51328125 0.22109375 0.0734375 0.09375
8 0.51875 0.296875 0.0765625 0.0828125
11 0.52109375 0.3703125 0.075 0.075
31 0.525 0.440625 0.0734375 0.0671875
7 0.528125 0.5125 0.071875 0.0703125
18 0.53203125 0.57890625 0.0703125 0.0734375
22 0.53515625 0.64609375 0.0703125 0.0796875
16 0.5359375 0.71015625 0.0671875 0.078125
27 0.5421875 0.77421875 0.06875 0.08125
6 0.54609375 0.83359375 0.0703125 0.0859375
33 0.54609375 0.89296875 0.0671875 0.0828125
5 0.5515625 0.95 0.0640625 0.0796875