9 0.60390625 0.06953125 0.08125 0.09375
22 0.60234375 0.13515625 0.08125 0.0890625
31 0.596875 0.20703125 0.0859375 0.0875
29 0.596875 0.275 0.084375 0.0859375
20 0.5953125 0.34296875 0.08125 0.078125
24 0.59453125 0.4140625 0.0828125 0.071875
7 0.5921875 0.4828125 0.0828125 0.0703125
26 0.58984375 0.553125 0.0859375 0.0734375
19 0.66328125 0.61796875 0.0703125 0.10625
22 0.5890625 0.6203125 0.078125 0.0734375
27 0.58515625 0.6921875 0.0828125 0.084375
30 0.58359375 0.7625 0.08125 0.09375
17 0.5765625 0.82890625 0.08125 0.0828125
24 0.57578125 0.90390625 0.0828125 0.09375