32 0.2296875 0.1859375 0.103125 0.0984375
16 0.26953125 0.21953125 0.10625 0.1015625
3 0.31328125 0.25390625 0.10625 0.103125
11 0.35546875 0.290625 0.1078125 0.103125
36 0.40390625 0.328125 0.109375 0.10625
30 0.44921875 0.365625 0.1015625 0.1
29 0.496875 0.4125 0.103125 0.1015625
14 0.55 0.4546875 0.103125 0.103125
11 0.56875 0.38125 0.11875 0.1125
22 0.60390625 0.5015625 0.096875 0.096875
32 0.66484375 0.54375 0.1015625 0.1015625
26 0.7234375 0.59296875 0.1140625 0.109375
22 0.7875 0.64296875 0.1171875 0.1140625
14 0.85078125 0.6953125 0.1265625 0.121875