22 0.56015625 0.17890625 0.071875 0.0875
23 0.5625 0.25078125 0.0703125 0.0796875
23 0.565625 0.3171875 0.0671875 0.071875
17 0.571875 0.3859375 0.0671875 0.0640625
13 0.575 0.446875 0.0671875 0.0625
25 0.57890625 0.5078125 0.0640625 0.0609375
16 0.58359375 0.565625 0.065625 0.0640625
21 0.58671875 0.6234375 0.06875 0.0671875
10 0.58984375 0.678125 0.0640625 0.0671875
30 0.59296875 0.73515625 0.0640625 0.0703125
25 0.59453125 0.7859375 0.0609375 0.071875
31 0.596875 0.83515625 0.059375 0.06875
30 0.60078125 0.8859375 0.0578125 0.0671875
18 0.6046875 0.9328125 0.0625 0.071875