36 0.18984375 0.5328125 0.08125 0.08125
31 0.23203125 0.51015625 0.08125 0.08125
3 0.275 0.48984375 0.0828125 0.0828125
27 0.31953125 0.4703125 0.0796875 0.08125
21 0.36484375 0.4484375 0.078125 0.08125
36 0.4109375 0.4265625 0.078125 0.0796875
29 0.4578125 0.40234375 0.0796875 0.0828125
26 0.509375 0.378125 0.0859375 0.0875
20 0.55859375 0.353125 0.0859375 0.0875
34 0.6140625 0.325 0.09375 0.09375
10 0.6671875 0.29921875 0.09375 0.09375
34 0.07265625 0.58671875 0.08125 0.0796875
10 0.1109375 0.56875 0.0796875 0.0796875
7 0.15 0.55 0.0796875 0.0796875