24 0.1203125 0.3953125 0.0984375 0.075
32 0.19453125 0.39296875 0.0921875 0.0734375
6 0.26640625 0.3875 0.0859375 0.071875
15 0.3359375 0.38515625 0.078125 0.0734375
9 0.40546875 0.38125 0.071875 0.075
5 0.47265625 0.378125 0.0671875 0.071875
25 0.53984375 0.3734375 0.06875 0.0703125
27 0.60546875 0.3703125 0.0703125 0.0703125
31 0.66875 0.36640625 0.075 0.0703125
11 0.73125 0.3609375 0.075 0.06875
31 0.790625 0.35859375 0.0796875 0.0640625
18 0.85078125 0.35625 0.0828125 0.06875
30 0.9078125 0.35390625 0.0828125 0.065625