11 0.1046875 0.44453125 0.0984375 0.1015625
21 0.19765625 0.4421875 0.0875 0.096875
14 0.2765625 0.43828125 0.0796875 0.09375
9 0.353125 0.4390625 0.078125 0.0890625
12 0.425 0.43828125 0.0765625 0.0859375
32 0.49140625 0.43828125 0.075 0.0828125
19 0.553125 0.43671875 0.0703125 0.0796875
16 0.60859375 0.434375 0.0671875 0.078125
12 0.66328125 0.43125 0.0703125 0.0734375
36 0.70234375 0.3578125 0.09375 0.0625
6 0.7140625 0.43203125 0.0640625 0.0734375
13 0.765625 0.434375 0.0640625 0.0734375
13 0.8140625 0.4359375 0.0671875 0.0671875
5 0.86328125 0.43671875 0.0671875 0.0703125