35 0.9328125 0.54921875 0.1 0.0796875
16 0.8625 0.5546875 0.0953125 0.0765625
36 0.78984375 0.5578125 0.090625 0.0734375
4 0.721875 0.56171875 0.0859375 0.0734375
6 0.653125 0.5640625 0.078125 0.0703125
31 0.5875 0.56796875 0.071875 0.0734375
17 0.52109375 0.5703125 0.0671875 0.075
5 0.45546875 0.575 0.0671875 0.0734375
33 0.38984375 0.5765625 0.0671875 0.0703125
26 0.325 0.58203125 0.075 0.0765625
24 0.2625 0.58515625 0.0765625 0.075
7 0.2 0.58671875 0.0765625 0.071875
23 0.1390625 0.58984375 0.078125 0.0703125
27 0.07578125 0.59140625 0.0875 0.0734375