33 0.11796875 0.3 0.13125 0.1171875
21 0.19609375 0.3265625 0.121875 0.1171875
32 0.2703125 0.35234375 0.1109375 0.109375
26 0.3421875 0.3734375 0.109375 0.1125
32 0.4125 0.39765625 0.1015625 0.103125
10 0.4796875 0.42265625 0.0953125 0.1
36 0.54609375 0.44375 0.09375 0.1015625
34 0.61015625 0.46640625 0.1 0.103125
29 0.66640625 0.4015625 0.125 0.1015625
29 0.67421875 0.4890625 0.1046875 0.103125
28 0.73984375 0.5125 0.103125 0.1015625
26 0.79921875 0.534375 0.10625 0.1046875
4 0.85703125 0.5546875 0.1046875 0.1015625
19 0.91328125 0.575 0.103125 0.1015625