34 0.05859375 0.5328125 0.1171875 0.103125
14 0.1203125 0.50859375 0.1109375 0.0984375
34 0.18359375 0.48359375 0.1109375 0.096875
16 0.246875 0.4578125 0.103125 0.09375
19 0.3078125 0.43203125 0.096875 0.090625
10 0.37265625 0.409375 0.090625 0.090625
26 0.434375 0.384375 0.0890625 0.0890625
29 0.4953125 0.36171875 0.0890625 0.0875
4 0.5359375 0.2765625 0.1140625 0.09375
29 0.55703125 0.33671875 0.0953125 0.090625
27 0.61484375 0.3109375 0.0984375 0.09375
24 0.6765625 0.28671875 0.0984375 0.0953125
9 0.73515625 0.26640625 0.1015625 0.09375
9 0.79375 0.240625 0.1078125 0.0953125