26 0.0546875 0.47578125 0.0921875 0.09375
25 0.10546875 0.46953125 0.09375 0.0953125
9 0.1578125 0.46328125 0.09375 0.0984375
13 0.21171875 0.4578125 0.0953125 0.1015625
5 0.271875 0.4515625 0.0984375 0.1015625
4 0.33203125 0.44609375 0.0953125 0.1015625
22 0.39765625 0.4390625 0.0953125 0.103125
18 0.46484375 0.43125 0.09375 0.1078125
16 0.5375 0.4265625 0.09375 0.10625
5 0.56640625 0.33828125 0.125 0.1046875
33 0.615625 0.415625 0.1015625 0.109375
3 0.6984375 0.41015625 0.1140625 0.11875
22 0.784375 0.4046875 0.125 0.1265625
23 0.87890625 0.39765625 0.1375 0.1265625