24 0.2453125 0.33515625 0.1171875 0.125
29 0.32734375 0.35859375 0.109375 0.115625
23 0.403125 0.38203125 0.10625 0.1109375
22 0.4703125 0.40390625 0.103125 0.109375
31 0.5359375 0.42421875 0.1015625 0.1046875
5 0.596875 0.4421875 0.0953125 0.0984375
18 0.65234375 0.4578125 0.0953125 0.0953125
6 0.70625 0.4734375 0.096875 0.0984375
22 0.78046875 0.41953125 0.10625 0.0890625
31 0.7546875 0.4875 0.09375 0.0953125
36 0.80390625 0.50234375 0.0921875 0.090625
31 0.8484375 0.5171875 0.0875 0.090625
18 0.88984375 0.5328125 0.0890625 0.0875
7 0.928125 0.540625 0.0859375 0.0875