31 0.15546875 0.7375 0.184375 0.1828125
17 0.23984375 0.671875 0.1640625 0.165625
8 0.3171875 0.60859375 0.153125 0.159375
17 0.3890625 0.553125 0.1375 0.1484375
15 0.4578125 0.5 0.1265625 0.1375
18 0.51875 0.45234375 0.121875 0.1328125
11 0.575 0.40703125 0.11875 0.128125
27 0.58515625 0.28828125 0.125 0.125
35 0.62578125 0.3609375 0.1171875 0.125
26 0.6765625 0.3265625 0.1171875 0.1234375
20 0.72109375 0.2890625 0.109375 0.1171875
4 0.7640625 0.2546875 0.1046875 0.1109375
21 0.8015625 0.225 0.1046875 0.1109375
27 0.83671875 0.19453125 0.1 0.10625