25 0.66015625 0.1125 0.0703125 0.078125
32 0.6515625 0.1625 0.0671875 0.078125
8 0.6453125 0.21640625 0.0703125 0.08125
34 0.6375 0.271875 0.071875 0.078125
28 0.62890625 0.328125 0.071875 0.0765625
29 0.6203125 0.3890625 0.0734375 0.0734375
35 0.61015625 0.45 0.075 0.0703125
19 0.678125 0.446875 0.0703125 0.096875
18 0.6015625 0.5140625 0.075 0.0703125
19 0.59609375 0.5828125 0.0828125 0.0703125
34 0.5828125 0.65703125 0.0765625 0.078125
36 0.575 0.728125 0.078125 0.0875
24 0.56640625 0.8078125 0.078125 0.090625
27 0.55625 0.88828125 0.0859375 0.10625