6 0.46640625 0.071875 0.1359375 0.14375
7 0.4953125 0.18828125 0.134375 0.1296875
25 0.51484375 0.2984375 0.125 0.109375
19 0.53671875 0.39765625 0.11875 0.0953125
28 0.55625 0.4828125 0.1140625 0.0890625
17 0.57265625 0.55859375 0.109375 0.0875
10 0.6640625 0.5359375 0.0953125 0.121875
9 0.58828125 0.62734375 0.103125 0.0875
36 0.596875 0.69765625 0.0984375 0.0875
34 0.61171875 0.7546875 0.096875 0.0828125
5 0.6234375 0.8078125 0.090625 0.0828125
7 0.63203125 0.85390625 0.0859375 0.0734375
13 0.63984375 0.89765625 0.0828125 0.078125
6 0.65 0.9359375 0.08125 0.075