28 0.0953125 0.29765625 0.10625 0.1015625
32 0.165625 0.31171875 0.103125 0.1015625
6 0.23515625 0.32578125 0.1015625 0.0984375
7 0.3046875 0.33828125 0.0984375 0.0984375
32 0.3734375 0.3546875 0.09375 0.1015625
18 0.44453125 0.36796875 0.0859375 0.09375
8 0.5109375 0.38359375 0.08125 0.09375
6 0.57890625 0.3984375 0.0859375 0.0921875
11 0.63984375 0.41015625 0.0859375 0.0921875
12 0.70703125 0.4234375 0.09375 0.096875
11 0.77109375 0.43515625 0.09375 0.09375
31 0.834375 0.4484375 0.0953125 0.09375
5 0.89765625 0.46328125 0.0984375 0.090625
36 0.9546875 0.4765625 0.0875 0.0953125