17 0.465625 0.07734375 0.1453125 0.1484375
15 0.49140625 0.19140625 0.134375 0.1265625
10 0.5140625 0.296875 0.1265625 0.1078125
31 0.5359375 0.3875 0.121875 0.0875
4 0.55546875 0.471875 0.1125 0.0765625
12 0.57265625 0.54375 0.109375 0.075
3 0.590625 0.60859375 0.10625 0.075
30 0.684375 0.6375 0.0875 0.10625
30 0.60625 0.66875 0.1015625 0.0734375
6 0.61796875 0.7234375 0.0984375 0.0703125
19 0.63125 0.7734375 0.090625 0.0640625
21 0.64375 0.81875 0.090625 0.0640625
13 0.65234375 0.8609375 0.0859375 0.0625
24 0.6625 0.90078125 0.0828125 0.059375