36 0.946875 0.625 0.090625 0.0640625
35 0.884375 0.61796875 0.090625 0.0640625
16 0.8234375 0.6125 0.0859375 0.0625
3 0.7609375 0.60625 0.0859375 0.0640625
30 0.69765625 0.6 0.08125 0.0671875
34 0.63203125 0.5921875 0.078125 0.0671875
30 0.565625 0.584375 0.0734375 0.0671875
24 0.496875 0.5765625 0.06875 0.0671875
36 0.42890625 0.5703125 0.0703125 0.0640625
32 0.403125 0.63359375 0.1015625 0.071875
11 0.359375 0.56171875 0.0796875 0.0671875
14 0.2859375 0.55390625 0.0875 0.0671875
19 0.2125 0.546875 0.09375 0.0671875
20 0.13984375 0.53828125 0.0984375 0.065625