9 0.93203125 0.57890625 0.096875 0.0875
22 0.853125 0.57578125 0.0828125 0.0859375
31 0.7765625 0.57734375 0.078125 0.0828125
29 0.7046875 0.57890625 0.071875 0.0796875
20 0.63359375 0.57890625 0.071875 0.078125
24 0.56875 0.5796875 0.0703125 0.078125
7 0.50546875 0.58046875 0.0671875 0.0734375
26 0.44609375 0.58125 0.0671875 0.075
19 0.3875 0.6515625 0.090625 0.0609375
22 0.3890625 0.58359375 0.0671875 0.0734375
27 0.33359375 0.584375 0.0734375 0.0703125
30 0.278125 0.5828125 0.0703125 0.0703125
17 0.2265625 0.58203125 0.06875 0.0671875
24 0.175 0.58203125 0.0671875 0.0671875