9 0.2296875 0.128125 0.1171875 0.115625
22 0.27109375 0.1671875 0.1140625 0.1140625
31 0.309375 0.2078125 0.115625 0.115625
29 0.35078125 0.24765625 0.121875 0.1203125
20 0.3953125 0.290625 0.121875 0.121875
24 0.446875 0.3390625 0.1203125 0.121875
7 0.49375 0.384375 0.121875 0.121875
26 0.546875 0.434375 0.121875 0.121875
19 0.6390625 0.4109375 0.134375 0.1296875
22 0.60390625 0.48515625 0.1203125 0.1234375
27 0.659375 0.5421875 0.125 0.1265625
30 0.71953125 0.59921875 0.1375 0.1375
17 0.7828125 0.6625 0.14375 0.1421875
24 0.85 0.72421875 0.15625 0.153125