24 0.125 0.3859375 0.071875 0.0796875
29 0.17734375 0.390625 0.0734375 0.078125
23 0.2296875 0.3953125 0.0734375 0.08125
22 0.28515625 0.39921875 0.075 0.0828125
31 0.34453125 0.4046875 0.071875 0.0859375
5 0.40546875 0.40859375 0.071875 0.0859375
18 0.46640625 0.41328125 0.0703125 0.0875
6 0.5328125 0.41953125 0.071875 0.0890625
22 0.5890625 0.3375 0.1015625 0.0765625
31 0.60078125 0.4234375 0.075 0.0921875
36 0.67734375 0.43046875 0.0796875 0.0953125
31 0.75546875 0.43828125 0.090625 0.0953125
18 0.8359375 0.4453125 0.0953125 0.1015625
7 0.9234375 0.45234375 0.1046875 0.103125