5 0.05 0.45 0.0953125 0.0890625
20 0.096875 0.44375 0.09375 0.0875
8 0.1515625 0.4359375 0.0921875 0.090625
13 0.2046875 0.428125 0.0953125 0.0921875
7 0.26015625 0.4203125 0.0953125 0.09375
35 0.31875 0.4125 0.096875 0.0953125
26 0.38203125 0.403125 0.0921875 0.09375
34 0.44609375 0.39140625 0.090625 0.0984375
4 0.5109375 0.38359375 0.0875 0.0953125
33 0.58125 0.3703125 0.09375 0.1
12 0.6546875 0.359375 0.0953125 0.0984375
4 0.7296875 0.35 0.1078125 0.1046875
19 0.81171875 0.33671875 0.115625 0.109375
24 0.8921875 0.3265625 0.125 0.1125