24 0.08125 0.6421875 0.1171875 0.103125
29 0.14921875 0.61796875 0.1109375 0.1015625
23 0.2140625 0.59296875 0.1140625 0.10625
22 0.28046875 0.57109375 0.10625 0.1015625
31 0.3484375 0.55 0.1015625 0.0984375
5 0.415625 0.52421875 0.0984375 0.1015625
18 0.4828125 0.5015625 0.096875 0.0984375
6 0.55234375 0.478125 0.0953125 0.096875
22 0.58203125 0.38671875 0.1234375 0.0953125
31 0.621875 0.45390625 0.1015625 0.1015625
36 0.69140625 0.43125 0.10625 0.1015625
31 0.7640625 0.409375 0.1109375 0.103125
18 0.834375 0.38515625 0.115625 0.109375
7 0.90234375 0.359375 0.1234375 0.1109375