5 0.07421875 0.5734375 0.1484375 0.16875
9 0.1546875 0.5171875 0.1578125 0.16875
13 0.240625 0.4625 0.1546875 0.1640625
17 0.32421875 0.409375 0.1546875 0.165625
21 0.40703125 0.35625 0.1546875 0.1640625
25 0.4890625 0.303125 0.153125 0.1640625
29 0.57265625 0.25078125 0.1578125 0.1671875
33 0.6578125 0.196875 0.153125 0.1640625
36 0.74375 0.14296875 0.1546875 0.165625
4 0.14296875 0.68671875 0.159375 0.16875
8 0.22890625 0.63046875 0.1578125 0.1671875
12 0.3140625 0.575 0.1578125 0.1671875
16 0.3984375 0.52109375 0.1546875 0.165625
20 0.48125 0.4671875 0.153125 0.1640625
24 0.56328125 0.41484375 0.15625 0.165625
28 0.64765625 0.36015625 0.1546875 0.1640625
32 0.73125 0.309375 0.15625 0.165625
35 0.81640625 0.2546875 0.15625 0.165625
3 0.21640625 0.8 0.159375 0.16875
7 0.3015625 0.74296875 0.1578125 0.16875
11 0.38671875 0.68828125 0.1546875 0.1640625
15 0.4703125 0.63203125 0.15625 0.1640625
19 0.55234375 0.57734375 0.15625 0.1640625
23 0.6359375 0.525 0.15625 0.165625
27 0.721875 0.47265625 0.15625 0.165625
31 0.80625 0.41875 0.1578125 0.16875
34 0.89140625 0.36640625 0.159375 0.16875
22 0.28984375 0.91484375 0.1609375 0.16875
26 0.37578125 0.8578125 0.1640625 0.1734375
30 0.459375 0.8015625 0.1609375 0.1703125
6 0.54375 0.746875 0.1578125 0.16875
10 0.628125 0.69140625 0.15625 0.16875
14 0.7125 0.6375 0.1578125 0.1703125
18 0.7953125 0.58359375 0.159375 0.16875