25 0.26875 0.15078125 0.1046875 0.103125
32 0.30546875 0.1859375 0.1015625 0.1
8 0.34609375 0.22109375 0.10625 0.103125
34 0.38828125 0.25859375 0.1046875 0.103125
28 0.4296875 0.29765625 0.103125 0.103125
29 0.47578125 0.3375 0.1015625 0.1015625
35 0.5203125 0.38125 0.1015625 0.1015625
19 0.55546875 0.32265625 0.11875 0.1125
18 0.56875 0.42421875 0.0984375 0.1015625
19 0.62265625 0.4671875 0.1046875 0.109375
34 0.6765625 0.51953125 0.109375 0.1078125
36 0.73203125 0.565625 0.1171875 0.1140625
24 0.7921875 0.6171875 0.1171875 0.115625
27 0.853125 0.6703125 0.1359375 0.1296875