33 0.0421875 0.4015625 0.078125 0.078125
21 0.1 0.40390625 0.078125 0.075
32 0.159375 0.4046875 0.071875 0.0796875
26 0.21875 0.40703125 0.071875 0.0828125
32 0.27890625 0.41015625 0.075 0.078125
10 0.34296875 0.41484375 0.0671875 0.0859375
36 0.40703125 0.415625 0.06875 0.0796875
29 0.49609375 0.3375 0.090625 0.0703125
34 0.471875 0.41875 0.0640625 0.0859375
29 0.5421875 0.42421875 0.0703125 0.0875
28 0.61171875 0.42734375 0.0796875 0.090625
26 0.68828125 0.4328125 0.0859375 0.0875
4 0.7609375 0.43671875 0.0875 0.090625
19 0.8375 0.440625 0.0921875 0.090625