16 0.08671875 0.43984375 0.0796875 0.078125
12 0.14375 0.440625 0.08125 0.075
31 0.2015625 0.4421875 0.084375 0.078125
29 0.259375 0.44375 0.0859375 0.08125
10 0.3234375 0.44609375 0.0828125 0.08125
16 0.38671875 0.44765625 0.078125 0.08125
25 0.45390625 0.4484375 0.0765625 0.08125
18 0.45234375 0.37265625 0.10625 0.0703125
27 0.5234375 0.45 0.0765625 0.0828125
13 0.59375 0.45234375 0.078125 0.0859375
19 0.6703125 0.453125 0.0796875 0.0859375
12 0.75078125 0.45625 0.0859375 0.090625
30 0.828125 0.45625 0.09375 0.090625
8 0.91328125 0.459375 0.1 0.096875