29 0.6015625 0.11484375 0.0828125 0.0640625
11 0.59296875 0.16328125 0.084375 0.0609375
9 0.5828125 0.215625 0.0859375 0.0640625
26 0.5734375 0.2703125 0.090625 0.065625
17 0.56328125 0.32734375 0.0890625 0.0640625
10 0.55 0.3890625 0.090625 0.0671875
12 0.5390625 0.4515625 0.090625 0.0671875
15 0.5265625 0.515625 0.09375 0.0703125
32 0.6078125 0.5203125 0.078125 0.0984375
14 0.515625 0.58828125 0.1 0.0796875
21 0.5 0.66171875 0.1 0.0890625
14 0.48671875 0.74140625 0.1046875 0.0984375
33 0.46796875 0.821875 0.1015625 0.103125
22 0.45390625 0.9109375 0.1078125 0.1140625