5 0.946875 0.575 0.103125 0.08125
20 0.86875 0.57734375 0.1 0.078125
8 0.79296875 0.578125 0.0921875 0.0828125
13 0.71875 0.57890625 0.090625 0.0796875
7 0.64296875 0.58203125 0.0828125 0.0796875
35 0.57109375 0.584375 0.0734375 0.0765625
26 0.49921875 0.5875 0.075 0.078125
34 0.4265625 0.5875 0.0703125 0.0796875
4 0.3609375 0.58984375 0.0765625 0.0796875
33 0.29140625 0.59296875 0.078125 0.075
12 0.22734375 0.59375 0.0828125 0.0765625
4 0.1609375 0.59453125 0.084375 0.075
19 0.1 0.596875 0.0875 0.075
24 0.04140625 0.60078125 0.0796875 0.0703125