3 0.05625 0.534375 0.1125 0.1296875
3 0.121875 0.5125 0.1265625 0.1234375
31 0.20390625 0.490625 0.115625 0.1171875
29 0.28046875 0.46796875 0.1125 0.11875
28 0.30390625 0.36328125 0.1328125 0.1109375
20 0.35703125 0.44609375 0.1046875 0.1140625
3 0.43515625 0.4265625 0.1015625 0.1109375
14 0.50859375 0.4078125 0.1015625 0.1125
32 0.57734375 0.3859375 0.1046875 0.1140625
36 0.6515625 0.365625 0.109375 0.1140625
25 0.72109375 0.34765625 0.1140625 0.115625
14 0.7890625 0.32734375 0.1109375 0.109375
8 0.8546875 0.3078125 0.1140625 0.115625
33 0.9171875 0.2890625 0.10625 0.1109375