11 0.88984375 0.3953125 0.1328125 0.0953125
32 0.803125 0.43046875 0.115625 0.0953125
12 0.71875 0.4671875 0.1 0.1
28 0.640625 0.496875 0.0859375 0.0921875
25 0.56640625 0.5265625 0.071875 0.0921875
34 0.49921875 0.55625 0.0625 0.09375
6 0.4359375 0.58125 0.0625 0.09375
4 0.41484375 0.6578125 0.0875 0.0953125
3 0.37578125 0.60859375 0.0640625 0.09375
33 0.3203125 0.63203125 0.0671875 0.0875
16 0.26484375 0.65546875 0.0625 0.090625
21 0.215625 0.675 0.0640625 0.0859375
31 0.16953125 0.69609375 0.0625 0.084375
18 0.12421875 0.7171875 0.065625 0.084375