35 0.1375 0.6921875 0.125 0.1171875
28 0.20390625 0.6515625 0.11875 0.1140625
13 0.2640625 0.6109375 0.1171875 0.1125
19 0.32734375 0.57109375 0.1109375 0.109375
32 0.3890625 0.53046875 0.1046875 0.1015625
25 0.4484375 0.49140625 0.0984375 0.1
20 0.5078125 0.4546875 0.0984375 0.0984375
13 0.56640625 0.41640625 0.1015625 0.1015625
6 0.62265625 0.3796875 0.1046875 0.1015625
10 0.68046875 0.34140625 0.1109375 0.109375
34 0.7359375 0.3078125 0.1125 0.109375
19 0.78984375 0.2703125 0.109375 0.1046875
34 0.840625 0.23671875 0.1109375 0.10625