5 0.05390625 0.459375 0.1078125 0.075
26 0.128125 0.46015625 0.1 0.0703125
13 0.2015625 0.4578125 0.0921875 0.065625
5 0.27421875 0.4546875 0.090625 0.06875
33 0.35 0.4546875 0.08125 0.0671875
18 0.4203125 0.4546875 0.0765625 0.0671875
11 0.49375 0.45390625 0.0734375 0.0640625
33 0.56328125 0.3953125 0.10625 0.0640625
21 0.5671875 0.45625 0.075 0.0640625
26 0.63984375 0.45390625 0.08125 0.065625
35 0.709375 0.4515625 0.0859375 0.0640625
23 0.778125 0.43984375 0.0875 0.0671875
29 0.8453125 0.4375 0.0890625 0.0640625
18 0.91328125 0.43671875 0.0953125 0.0640625