5 0.5390625 0.05390625 0.075 0.1078125
26 0.53984375 0.128125 0.0703125 0.1
13 0.5421875 0.2015625 0.065625 0.0921875
5 0.5453125 0.27421875 0.06875 0.090625
33 0.5453125 0.35 0.0671875 0.08125
18 0.5453125 0.4203125 0.0671875 0.0765625
11 0.54609375 0.49375 0.0625 0.0734375
33 0.6046875 0.56328125 0.0640625 0.10625
21 0.54375 0.5671875 0.0640625 0.075
26 0.54609375 0.63984375 0.065625 0.08125
35 0.5484375 0.709375 0.0640625 0.0859375
23 0.56015625 0.778125 0.0671875 0.0875
29 0.5625 0.8453125 0.0640625 0.0890625
18 0.56328125 0.91328125 0.0640625 0.0953125