15 0.08359375 0.31640625 0.078125 0.075
21 0.13203125 0.31953125 0.0765625 0.075
13 0.1859375 0.31953125 0.075 0.078125
12 0.23828125 0.321875 0.075 0.078125
12 0.29375 0.32578125 0.0703125 0.078125
15 0.35078125 0.3296875 0.0703125 0.0765625
16 0.409375 0.33203125 0.06875 0.078125
9 0.46875 0.33515625 0.06875 0.0796875
17 0.53203125 0.3375 0.0640625 0.0828125
20 0.59453125 0.34140625 0.0703125 0.078125
22 0.66015625 0.3421875 0.075 0.0828125
15 0.72734375 0.34765625 0.08125 0.0859375
36 0.79609375 0.3484375 0.084375 0.0828125
28 0.86640625 0.353125 0.0953125 0.090625