30 0.94140625 0.55390625 0.0828125 0.078125
27 0.88359375 0.55 0.084375 0.0796875
35 0.821875 0.54375 0.084375 0.08125
12 0.76015625 0.54140625 0.0828125 0.0828125
28 0.69375 0.5375 0.08125 0.0859375
14 0.62734375 0.5328125 0.08125 0.0875
27 0.5609375 0.52890625 0.078125 0.0859375
7 0.534375 0.603125 0.109375 0.0734375
24 0.48828125 0.52265625 0.078125 0.0859375
13 0.41171875 0.5171875 0.078125 0.090625
11 0.33515625 0.5140625 0.084375 0.09375
18 0.25390625 0.51171875 0.0953125 0.0953125
6 0.16640625 0.5 0.10625 0.0953125
22 0.0796875 0.49296875 0.1109375 0.0984375