24 0.18203125 0.1453125 0.103125 0.103125
13 0.21953125 0.1765625 0.11875 0.1171875
24 0.2671875 0.215625 0.11875 0.1171875
31 0.31875 0.2546875 0.11875 0.11875
10 0.36875 0.29453125 0.1171875 0.1171875
8 0.42265625 0.33828125 0.1140625 0.1140625
27 0.4640625 0.27421875 0.134375 0.125
32 0.4765625 0.38359375 0.1140625 0.115625
15 0.53125 0.428125 0.1109375 0.1125
22 0.59609375 0.4734375 0.1109375 0.1140625
23 0.6546875 0.52265625 0.1171875 0.1171875
27 0.71953125 0.575 0.1234375 0.1234375
27 0.784375 0.62890625 0.1375 0.134375
17 0.8484375 0.68984375 0.1453125 0.1421875