6 0.19375 0.80078125 0.1984375 0.196875
7 0.2640625 0.7046875 0.1875 0.1875
25 0.33671875 0.61875 0.1625 0.165625
19 0.3984375 0.5375 0.1484375 0.1515625
28 0.45078125 0.46796875 0.140625 0.1453125
17 0.4984375 0.40703125 0.1375 0.1390625
10 0.42265625 0.35078125 0.1546875 0.1515625
9 0.540625 0.35078125 0.1328125 0.134375
36 0.5890625 0.2984375 0.1296875 0.1328125
34 0.6234375 0.25078125 0.1265625 0.1265625
5 0.65703125 0.2078125 0.1203125 0.121875
7 0.6859375 0.17109375 0.1109375 0.1125
13 0.715625 0.13671875 0.1125 0.1140625
6 0.73828125 0.1046875 0.109375 0.1109375