20 0.57734375 0.05625 0.0625 0.1109375
24 0.58203125 0.134375 0.0640625 0.103125
30 0.584375 0.21484375 0.06875 0.0953125
34 0.5875 0.29296875 0.06875 0.09375
27 0.59296875 0.36875 0.06875 0.084375
20 0.5953125 0.44375 0.065625 0.0765625
34 0.60078125 0.51953125 0.0671875 0.071875
14 0.66875 0.5953125 0.05625 0.115625
7 0.60625 0.59453125 0.065625 0.0859375
8 0.6109375 0.66484375 0.0703125 0.0859375
17 0.61484375 0.7375 0.0671875 0.090625
31 0.61796875 0.8078125 0.065625 0.0953125
4 0.62265625 0.87578125 0.065625 0.0984375
35 0.62578125 0.9421875 0.0640625 0.103125