33 0.07421875 0.53359375 0.09375 0.0890625
5 0.1265625 0.5203125 0.09375 0.090625
29 0.1796875 0.50859375 0.0921875 0.0859375
25 0.23515625 0.4953125 0.09375 0.090625
6 0.290625 0.48046875 0.0921875 0.090625
16 0.35 0.46796875 0.0875 0.0875
36 0.40859375 0.45390625 0.0859375 0.0859375
13 0.38203125 0.40703125 0.1078125 0.09375
23 0.471875 0.440625 0.0859375 0.0859375
10 0.534375 0.4234375 0.0875 0.0875
31 0.59921875 0.40859375 0.096875 0.09375
26 0.66484375 0.39453125 0.10625 0.0953125
8 0.7359375 0.378125 0.10625 0.096875
18 0.80546875 0.3640625 0.1140625 0.1015625