35 0.13359375 0.4015625 0.0984375 0.0890625
20 0.43125 0.321875 0.1015625 0.0890625
19 0.696875 0.26484375 0.1140625 0.0734375
10 0.22578125 0.628125 0.1578125 0.1265625
21 0.34140625 0.67734375 0.153125 0.153125
15 0.384375 0.53125 0.1265625 0.1265625
36 0.471875 0.45390625 0.1265625 0.08125
12 0.5359375 0.5609375 0.0984375 0.1234375
28 0.75078125 0.415625 0.09375 0.0984375
8 0.8609375 0.46015625 0.1265625 0.1078125
9 0.74921875 0.56484375 0.140625 0.1265625
23 0.86328125 0.58984375 0.1390625 0.1265625