28 0.153125 0.303125 0.1484375 0.1375
32 0.24296875 0.3203125 0.1328125 0.125
6 0.32734375 0.3328125 0.121875 0.1203125
7 0.40625 0.34765625 0.1109375 0.115625
32 0.4828125 0.3640625 0.103125 0.1109375
18 0.5546875 0.37578125 0.0984375 0.109375
8 0.62109375 0.3875 0.09375 0.103125
6 0.68203125 0.39765625 0.1015625 0.1078125
11 0.74296875 0.409375 0.096875 0.1046875
12 0.79765625 0.4203125 0.0984375 0.103125
11 0.8484375 0.4265625 0.09375 0.0984375
31 0.896875 0.43671875 0.0953125 0.0984375
5 0.946875 0.4453125 0.0953125 0.0984375
36 0.971875 0.45234375 0.0546875 0.0984375