11 0.1015625 0.5140625 0.115625 0.1171875
21 0.19296875 0.4953125 0.103125 0.1109375
14 0.26875 0.478125 0.09375 0.10625
9 0.34453125 0.465625 0.09375 0.1015625
12 0.41484375 0.45234375 0.090625 0.096875
32 0.48125 0.440625 0.0890625 0.0953125
19 0.5421875 0.42890625 0.0828125 0.090625
16 0.5953125 0.415625 0.0796875 0.0875
12 0.6484375 0.4046875 0.0828125 0.084375
36 0.675 0.325 0.1015625 0.078125
6 0.69921875 0.39609375 0.0765625 0.0828125
13 0.75 0.3890625 0.0765625 0.0828125
13 0.7984375 0.3828125 0.078125 0.078125
5 0.846875 0.375 0.078125 0.0796875