31 0.09453125 0.63203125 0.1296875 0.125
17 0.17421875 0.60078125 0.125 0.125
8 0.2484375 0.57109375 0.1171875 0.1203125
17 0.325 0.540625 0.1125 0.11875
15 0.396875 0.5140625 0.10625 0.1125
18 0.46875 0.4859375 0.1 0.109375
11 0.5375 0.459375 0.0953125 0.109375
27 0.575 0.35625 0.1234375 0.109375
35 0.6046875 0.43203125 0.096875 0.109375
26 0.66796875 0.40546875 0.103125 0.1109375
20 0.7328125 0.3796875 0.1015625 0.109375
4 0.79453125 0.35546875 0.0984375 0.1078125
21 0.85078125 0.3328125 0.1015625 0.10625
27 0.909375 0.30859375 0.103125 0.1078125