15 0.903125 0.65546875 0.090625 0.0671875
21 0.8390625 0.65703125 0.0828125 0.0625
13 0.7796875 0.66015625 0.0828125 0.0625
12 0.7171875 0.6625 0.0765625 0.0640625
12 0.65390625 0.6609375 0.0734375 0.0640625
15 0.590625 0.6625 0.0703125 0.0640625
16 0.53125 0.66484375 0.0640625 0.0625
9 0.46953125 0.6671875 0.0640625 0.0640625
17 0.40859375 0.6703125 0.0640625 0.0640625
20 0.35 0.671875 0.0703125 0.0625
22 0.28984375 0.675 0.071875 0.0625
15 0.23125 0.675 0.0703125 0.0625
36 0.171875 0.67734375 0.0765625 0.0640625
28 0.11640625 0.68046875 0.078125 0.0625