24 0.4453125 0.92734375 0.1078125 0.128125
13 0.4328125 0.8234375 0.103125 0.109375
24 0.42109375 0.73046875 0.0984375 0.1
31 0.40546875 0.63984375 0.0984375 0.0859375
10 0.39921875 0.5578125 0.090625 0.08125
8 0.3859375 0.48515625 0.0890625 0.08125
27 0.30546875 0.46015625 0.0828125 0.1109375
32 0.3765625 0.41484375 0.0859375 0.0828125
15 0.3703125 0.353125 0.084375 0.0828125
22 0.35546875 0.2921875 0.0828125 0.0765625
23 0.34921875 0.2390625 0.078125 0.0828125
27 0.34453125 0.18359375 0.0765625 0.084375
27 0.3390625 0.13125 0.0734375 0.0828125
17 0.33671875 0.0828125 0.071875 0.08125