33 0.1828125 0.81015625 0.1578125 0.14375
5 0.234375 0.73828125 0.1578125 0.1453125
29 0.290625 0.665625 0.146875 0.140625
25 0.3453125 0.5953125 0.1328125 0.1296875
6 0.39375 0.528125 0.1203125 0.1203125
16 0.44375 0.4671875 0.109375 0.1140625
36 0.48828125 0.40703125 0.109375 0.115625
13 0.45546875 0.34765625 0.1359375 0.134375
23 0.53359375 0.34921875 0.1109375 0.1171875
10 0.5765625 0.29609375 0.1109375 0.1171875
31 0.61640625 0.2453125 0.1125 0.1171875
26 0.6578125 0.19765625 0.109375 0.1125
8 0.69453125 0.15078125 0.1125 0.1140625
18 0.73046875 0.10625 0.1140625 0.115625