32 0.93125 0.5453125 0.1140625 0.0578125
16 0.85234375 0.55 0.1046875 0.05625
3 0.77890625 0.553125 0.0984375 0.0578125
11 0.7015625 0.5578125 0.0890625 0.0546875
36 0.628125 0.56171875 0.084375 0.0546875
30 0.5546875 0.565625 0.075 0.0546875
29 0.47890625 0.56171875 0.0734375 0.059375
11 0.415625 0.6265625 0.109375 0.0515625
14 0.40546875 0.565625 0.08125 0.0546875
22 0.334375 0.5734375 0.0828125 0.0625
32 0.2640625 0.58125 0.0875 0.0625
26 0.1921875 0.5859375 0.09375 0.0625
22 0.12421875 0.5875 0.1015625 0.0578125
14 0.05625 0.59296875 0.1046875 0.0578125