26 0.071875 0.5328125 0.0984375 0.09375
24 0.1203125 0.51953125 0.096875 0.0921875
19 0.1703125 0.5015625 0.0953125 0.0921875
15 0.221875 0.4875 0.09375 0.0890625
18 0.27265625 0.4703125 0.090625 0.0875
20 0.3265625 0.45859375 0.0875 0.0875
13 0.3796875 0.4390625 0.0890625 0.090625
35 0.4328125 0.4234375 0.0875 0.0921875
14 0.4890625 0.40546875 0.0875 0.090625
32 0.5484375 0.38671875 0.0859375 0.090625
35 0.609375 0.36875 0.0921875 0.09375
25 0.67265625 0.35 0.09375 0.0953125
22 0.7375 0.3296875 0.10625 0.1
34 0.80546875 0.309375 0.1109375 0.103125