28 0.89609375 0.553125 0.1203125 0.0984375
32 0.80546875 0.5703125 0.10625 0.0921875
6 0.7234375 0.590625 0.09375 0.0921875
7 0.64453125 0.60625 0.084375 0.090625
32 0.56796875 0.61875 0.075 0.090625
18 0.496875 0.6359375 0.0703125 0.090625
8 0.43046875 0.65 0.0671875 0.0859375
6 0.36953125 0.66328125 0.0734375 0.0859375
11 0.309375 0.675 0.0703125 0.084375
12 0.2546875 0.68515625 0.0734375 0.08125
11 0.2046875 0.69921875 0.0703125 0.078125
31 0.15546875 0.70703125 0.0703125 0.078125
5 0.10625 0.71875 0.071875 0.0765625
36 0.0625 0.728125 0.0703125 0.0765625