15 0.1703125 0.221875 0.1078125 0.09375
21 0.23125 0.24140625 0.0984375 0.0859375
13 0.28828125 0.2578125 0.0984375 0.0859375
12 0.3484375 0.2765625 0.09375 0.0859375
12 0.40703125 0.29765625 0.090625 0.0859375
15 0.46796875 0.3171875 0.0859375 0.0828125
16 0.52421875 0.334375 0.08125 0.078125
9 0.58359375 0.35234375 0.08125 0.0828125
17 0.6421875 0.36875 0.08125 0.08125
20 0.6984375 0.38671875 0.0859375 0.0828125
22 0.75546875 0.403125 0.0890625 0.0828125
15 0.8109375 0.42265625 0.0875 0.0828125
36 0.86875 0.43984375 0.09375 0.0859375
28 0.92109375 0.4546875 0.0953125 0.0859375