31 0.0734375 0.37421875 0.0921875 0.0890625
17 0.13125 0.38515625 0.0890625 0.0890625
8 0.1859375 0.39609375 0.0921875 0.090625
17 0.2453125 0.4078125 0.090625 0.09375
15 0.30390625 0.4203125 0.0890625 0.09375
18 0.36796875 0.43125 0.0890625 0.09375
11 0.4296875 0.44609375 0.0875 0.09375
35 0.44375 0.37265625 0.1109375 0.0828125
21 0.49765625 0.4578125 0.0859375 0.09375
27 0.5640625 0.4734375 0.084375 0.09375
27 0.634375 0.4875 0.090625 0.0984375
26 0.709375 0.5015625 0.0984375 0.103125
20 0.78515625 0.51953125 0.10625 0.10625
4 0.8625 0.53828125 0.1109375 0.109375