25 0.8765625 0.4015625 0.1328125 0.1296875
32 0.77734375 0.43046875 0.11875 0.1203125
8 0.68125 0.4609375 0.0984375 0.11875
34 0.59609375 0.48515625 0.08125 0.1109375
28 0.5171875 0.5078125 0.0765625 0.103125
29 0.446875 0.528125 0.0703125 0.1046875
19 0.36640625 0.63203125 0.0984375 0.09375
35 0.38359375 0.546875 0.071875 0.1
18 0.32421875 0.56328125 0.0703125 0.1
19 0.26875 0.58359375 0.0671875 0.0953125
34 0.221875 0.596875 0.0640625 0.09375
36 0.175 0.6125 0.0609375 0.0859375
24 0.13359375 0.62578125 0.0609375 0.0859375
27 0.09375 0.6390625 0.0609375 0.0828125