33 0.45078125 0.92890625 0.0859375 0.1078125
21 0.446875 0.8453125 0.090625 0.0953125
32 0.44375 0.76796875 0.0859375 0.0875
26 0.43828125 0.69296875 0.0875 0.0859375
32 0.4359375 0.61796875 0.08125 0.0765625
10 0.43515625 0.546875 0.078125 0.071875
36 0.43125 0.478125 0.08125 0.0703125
34 0.42890625 0.409375 0.0796875 0.0765625
29 0.3484375 0.3796875 0.0671875 0.1078125
29 0.428125 0.34140625 0.0796875 0.08125
28 0.425 0.271875 0.0796875 0.0796875
26 0.425 0.20859375 0.0796875 0.0828125
4 0.4234375 0.14765625 0.078125 0.0828125
19 0.42109375 0.08828125 0.078125 0.08125