25 0.0828125 0.478125 0.165625 0.1671875
28 0.2203125 0.4515625 0.134375 0.1578125
30 0.3421875 0.42890625 0.1171875 0.14375
35 0.44375 0.41328125 0.10625 0.1328125
6 0.5328125 0.4015625 0.10625 0.1265625
28 0.61015625 0.3890625 0.1015625 0.1171875
9 0.6796875 0.3796875 0.0953125 0.1125
23 0.74140625 0.36953125 0.0921875 0.103125
3 0.778125 0.27421875 0.11875 0.0875
16 0.79921875 0.36015625 0.0859375 0.1
13 0.846875 0.353125 0.0828125 0.09375
8 0.890625 0.346875 0.078125 0.09375
31 0.93125 0.34140625 0.075 0.0859375
21 0.9640625 0.334375 0.0703125 0.0828125