31 0.203125 0.171875 0.140625 0.1390625
17 0.26640625 0.2234375 0.1359375 0.1359375
8 0.3296875 0.271875 0.134375 0.134375
17 0.39375 0.3234375 0.13125 0.13125
15 0.45390625 0.371875 0.121875 0.121875
18 0.51484375 0.41875 0.1171875 0.1171875
11 0.5734375 0.4671875 0.1140625 0.115625
35 0.63828125 0.41328125 0.1328125 0.1296875
21 0.63203125 0.5109375 0.11875 0.1203125
27 0.6890625 0.55625 0.1203125 0.121875
27 0.74296875 0.603125 0.1234375 0.1234375
26 0.7984375 0.64765625 0.121875 0.121875
20 0.8515625 0.68984375 0.1234375 0.121875
4 0.9 0.7328125 0.125 0.125