23 0.503125 0.940625 0.09375 0.1171875
31 0.4875 0.8546875 0.0875 0.1171875
36 0.4703125 0.7671875 0.0875 0.1078125
16 0.45625 0.6828125 0.0875 0.0953125
24 0.4390625 0.59921875 0.0890625 0.08125
7 0.42734375 0.5234375 0.0859375 0.078125
19 0.34453125 0.475 0.0828125 0.109375
14 0.4109375 0.44921875 0.0875 0.078125
9 0.3984375 0.37734375 0.0859375 0.08125
4 0.3859375 0.3078125 0.0875 0.08125
5 0.3734375 0.24453125 0.0859375 0.0828125
22 0.3625 0.18125 0.0828125 0.0859375
25 0.35234375 0.12421875 0.08125 0.084375
4 0.3421875 0.06640625 0.08125 0.0875