18 0.059375 0.49296875 0.11875 0.0953125
21 0.1359375 0.48359375 0.1140625 0.090625
5 0.2171875 0.4703125 0.109375 0.090625
6 0.2953125 0.45859375 0.103125 0.090625
23 0.371875 0.4484375 0.0984375 0.0875
30 0.4484375 0.43828125 0.0890625 0.0875
22 0.521875 0.4265625 0.0796875 0.0859375
30 0.59765625 0.415625 0.0875 0.0875
11 0.67109375 0.40625 0.0890625 0.090625
17 0.74296875 0.3953125 0.09375 0.0859375
8 0.77265625 0.31875 0.125 0.075
27 0.8125 0.38671875 0.0921875 0.084375
11 0.88046875 0.3765625 0.0953125 0.0828125
3 0.94453125 0.36796875 0.096875 0.084375