34 0.07109375 0.37890625 0.103125 0.0703125
14 0.13984375 0.37734375 0.09375 0.0703125
34 0.2078125 0.3765625 0.09375 0.0703125
16 0.2765625 0.3734375 0.084375 0.0703125
19 0.34296875 0.3703125 0.078125 0.06875
10 0.41171875 0.3703125 0.0703125 0.0703125
26 0.47734375 0.36875 0.0703125 0.0703125
29 0.54296875 0.36875 0.0703125 0.0671875
4 0.61015625 0.3015625 0.0984375 0.0625
29 0.61015625 0.365625 0.075 0.0703125
27 0.67265625 0.3609375 0.078125 0.0703125
24 0.7390625 0.359375 0.078125 0.071875
9 0.80078125 0.36015625 0.0828125 0.0703125
9 0.86484375 0.35625 0.0890625 0.0703125