26 0.12109375 0.63203125 0.1296875 0.13125
23 0.1921875 0.590625 0.11875 0.121875
20 0.25703125 0.5515625 0.109375 0.1140625
34 0.32109375 0.5125 0.1125 0.1171875
28 0.38125 0.475 0.10625 0.1109375
10 0.43984375 0.4421875 0.109375 0.109375
7 0.49375 0.409375 0.109375 0.109375
29 0.54609375 0.378125 0.103125 0.10625
35 0.5953125 0.346875 0.1078125 0.109375
21 0.603125 0.2546875 0.1171875 0.10625
16 0.6421875 0.31640625 0.0984375 0.1
4 0.69140625 0.2890625 0.1 0.1
15 0.73203125 0.26328125 0.1015625 0.1015625
6 0.775 0.2359375 0.0984375 0.0984375