17 0.09296875 0.621875 0.175 0.171875
15 0.2 0.5734375 0.153125 0.1578125
10 0.2984375 0.5296875 0.1328125 0.146875
31 0.3828125 0.4890625 0.1109375 0.1375
4 0.4609375 0.45234375 0.0984375 0.1265625
12 0.528125 0.4203125 0.09375 0.121875
3 0.5875 0.3890625 0.0953125 0.11875
30 0.596875 0.290625 0.121875 0.1078125
30 0.64296875 0.3609375 0.09375 0.1140625
6 0.69453125 0.33828125 0.0890625 0.109375
19 0.740625 0.315625 0.0828125 0.1015625
21 0.78203125 0.29375 0.0828125 0.1015625
13 0.821875 0.27578125 0.0796875 0.096875
24 0.85859375 0.25859375 0.075 0.09375