31 0.06015625 0.446875 0.10625 0.0921875
17 0.14140625 0.44453125 0.0984375 0.09375
8 0.221875 0.4390625 0.0953125 0.0953125
17 0.303125 0.4359375 0.09375 0.09375
15 0.38125 0.4328125 0.0828125 0.090625
18 0.45703125 0.42890625 0.078125 0.0890625
11 0.5328125 0.4265625 0.0765625 0.0859375
35 0.54765625 0.34453125 0.10625 0.078125
21 0.60625 0.421875 0.078125 0.0921875
27 0.67890625 0.41875 0.0828125 0.0875
27 0.75078125 0.41875 0.0859375 0.0859375
26 0.821875 0.415625 0.0859375 0.0875
20 0.88984375 0.41328125 0.0875 0.0859375
4 0.95390625 0.41328125 0.090625 0.0875