35 0.090625 0.4703125 0.1 0.078125
28 0.16875 0.47109375 0.0921875 0.075
13 0.24140625 0.46875 0.090625 0.0765625
19 0.315625 0.46796875 0.0859375 0.075
32 0.3890625 0.4671875 0.078125 0.0734375
25 0.4609375 0.465625 0.0703125 0.0734375
20 0.53046875 0.465625 0.0703125 0.071875
13 0.60078125 0.4640625 0.075 0.071875
6 0.6671875 0.4625 0.078125 0.0703125
10 0.73671875 0.4609375 0.0859375 0.075
34 0.8015625 0.46171875 0.0859375 0.075
19 0.8671875 0.45859375 0.084375 0.071875
34 0.92890625 0.45703125 0.0875 0.0703125