33 0.65 0.1 0.0640625 0.075
5 0.63984375 0.153125 0.0640625 0.0734375
29 0.628125 0.20625 0.0625 0.071875
25 0.61640625 0.26171875 0.065625 0.071875
6 0.60625 0.31875 0.0671875 0.0703125
16 0.59296875 0.3765625 0.0640625 0.0671875
36 0.58125 0.43671875 0.0640625 0.0640625
13 0.634375 0.43125 0.0625 0.090625
23 0.56640625 0.49921875 0.0640625 0.0640625
10 0.5546875 0.5625 0.0671875 0.0671875
31 0.540625 0.628125 0.0671875 0.0765625
26 0.5265625 0.69375 0.0671875 0.0859375
8 0.5109375 0.76484375 0.0671875 0.0859375
18 0.49453125 0.834375 0.0671875 0.09375