11 0.55546875 0.1046875 0.1015625 0.0984375
21 0.5578125 0.19765625 0.096875 0.0875
14 0.56171875 0.2765625 0.09375 0.0796875
9 0.5609375 0.353125 0.0890625 0.078125
12 0.56171875 0.425 0.0859375 0.0765625
32 0.56171875 0.49140625 0.0828125 0.075
19 0.56328125 0.553125 0.078125 0.0703125
16 0.565625 0.60859375 0.078125 0.0671875
12 0.56875 0.66328125 0.0734375 0.0703125
36 0.6421875 0.70234375 0.0625 0.09375
6 0.56796875 0.7140625 0.0734375 0.0640625
13 0.565625 0.765625 0.0734375 0.0640625
13 0.5640625 0.8140625 0.0671875 0.0671875
5 0.56328125 0.86328125 0.0703125 0.0671875