9 0.0921875 0.6625 0.1296875 0.1265625
22 0.1609375 0.6234375 0.1140625 0.115625
31 0.225 0.58125 0.109375 0.109375
29 0.284375 0.54140625 0.103125 0.10625
20 0.34453125 0.5046875 0.103125 0.10625
24 0.39921875 0.46953125 0.1 0.103125
7 0.453125 0.434375 0.0953125 0.0984375
26 0.503125 0.40234375 0.096875 0.1
19 0.51484375 0.31171875 0.109375 0.0984375
22 0.55 0.3703125 0.09375 0.0984375
27 0.596875 0.340625 0.0984375 0.0984375
30 0.64453125 0.3125 0.0953125 0.0953125
17 0.6890625 0.2859375 0.09375 0.09375
24 0.73203125 0.25859375 0.09375 0.0921875