5 0.23203125 0.1828125 0.128125 0.128125
35 0.28671875 0.2390625 0.1265625 0.1265625
14 0.34140625 0.2890625 0.1171875 0.11875
4 0.39296875 0.340625 0.11875 0.11875
17 0.4453125 0.3921875 0.1140625 0.1140625
9 0.4953125 0.44453125 0.1125 0.1125
3 0.5453125 0.49296875 0.1140625 0.1140625
35 0.65546875 0.49453125 0.11875 0.11875
5 0.59296875 0.540625 0.109375 0.109375
34 0.6421875 0.58828125 0.1125 0.1125
21 0.6890625 0.6359375 0.115625 0.115625
11 0.7375 0.68203125 0.1140625 0.1140625
24 0.78125 0.72734375 0.11875 0.11875
21 0.825 0.77265625 0.1171875 0.1171875