35 0.040625 0.3765625 0.08125 0.08125
16 0.0984375 0.3796875 0.08125 0.084375
36 0.1515625 0.384375 0.0765625 0.084375
4 0.209375 0.39140625 0.078125 0.0875
6 0.26875 0.3953125 0.078125 0.0875
31 0.33203125 0.40078125 0.078125 0.09375
17 0.39765625 0.409375 0.075 0.0921875
5 0.46640625 0.41484375 0.0734375 0.09375
33 0.5359375 0.42265625 0.071875 0.09375
26 0.61015625 0.428125 0.0828125 0.1
24 0.6890625 0.4359375 0.090625 0.1
7 0.76953125 0.44375 0.0953125 0.103125
23 0.85390625 0.45234375 0.103125 0.1046875
27 0.9421875 0.46171875 0.1109375 0.1109375