3 0.05546875 0.5265625 0.1109375 0.1265625
3 0.12265625 0.50703125 0.1265625 0.121875
31 0.2046875 0.48515625 0.1140625 0.1171875
29 0.28125 0.46484375 0.1109375 0.1171875
28 0.30625 0.359375 0.1328125 0.109375
20 0.3578125 0.44375 0.103125 0.1140625
3 0.4359375 0.425 0.1 0.1109375
14 0.509375 0.4078125 0.1 0.1109375
32 0.5796875 0.3875 0.103125 0.1125
36 0.65390625 0.36796875 0.109375 0.1125
25 0.725 0.35078125 0.1140625 0.1140625
14 0.79140625 0.3328125 0.1109375 0.1078125
8 0.85703125 0.3140625 0.1125 0.1140625
33 0.92109375 0.29609375 0.103125 0.109375