33 0.14765625 0.1921875 0.10625 0.10625
21 0.196875 0.221875 0.1046875 0.103125
32 0.2484375 0.2515625 0.1015625 0.1046875
26 0.29921875 0.2828125 0.103125 0.10625
32 0.35078125 0.3140625 0.103125 0.1046875
10 0.4046875 0.35 0.1015625 0.1078125
36 0.459375 0.38203125 0.0984375 0.103125
29 0.57578125 0.35625 0.1125 0.1046875
34 0.51484375 0.415625 0.0984375 0.10625
29 0.5734375 0.4546875 0.103125 0.109375
28 0.63359375 0.490625 0.1140625 0.11875
26 0.69765625 0.53203125 0.11875 0.11875
4 0.75859375 0.571875 0.121875 0.121875
19 0.825 0.6125 0.125 0.1234375