11 0.42265625 0.94140625 0.075 0.0796875
21 0.4265625 0.884375 0.078125 0.0796875
14 0.4265625 0.82734375 0.078125 0.078125
9 0.43125 0.77109375 0.078125 0.0796875
12 0.4359375 0.7140625 0.0796875 0.0796875
32 0.440625 0.653125 0.0796875 0.078125
19 0.44609375 0.58828125 0.08125 0.08125
16 0.45 0.521875 0.08125 0.078125
12 0.45234375 0.45234375 0.08125 0.0765625
36 0.3703125 0.40625 0.0734375 0.10625
6 0.45546875 0.3796875 0.0875 0.078125
13 0.46796875 0.30234375 0.090625 0.0859375
13 0.475 0.21796875 0.0953125 0.1015625
5 0.48984375 0.13203125 0.096875 0.1046875