7 0.28515625 0.25 0.16875 0.1703125
21 0.3734375 0.3109375 0.1515625 0.153125
15 0.44921875 0.365625 0.1421875 0.1453125
14 0.51640625 0.4125 0.1390625 0.140625
8 0.57890625 0.45546875 0.13125 0.1328125
32 0.634375 0.49453125 0.13125 0.1328125
25 0.75625 0.48125 0.1234375 0.121875
23 0.68671875 0.53359375 0.125 0.1265625
5 0.7359375 0.5671875 0.11875 0.1203125
36 0.7796875 0.59921875 0.1109375 0.1109375
36 0.81953125 0.6265625 0.109375 0.1109375
8 0.85703125 0.65234375 0.1046875 0.10625
17 0.8921875 0.6765625 0.103125 0.103125
25 0.9234375 0.6984375 0.1015625 0.1015625