16 0.09375 0.4359375 0.1 0.090625
4 0.175 0.4328125 0.0953125 0.0875
11 0.253125 0.43203125 0.090625 0.0875
9 0.33125 0.4296875 0.0859375 0.0875
14 0.4078125 0.428125 0.078125 0.0859375
10 0.48125 0.425 0.0765625 0.084375
20 0.55390625 0.425 0.0765625 0.0875
12 0.62421875 0.4234375 0.078125 0.08125
6 0.6515625 0.346875 0.1078125 0.0703125
7 0.6921875 0.41640625 0.0828125 0.0859375
24 0.7609375 0.415625 0.0828125 0.0859375
15 0.8265625 0.41328125 0.084375 0.0828125
12 0.8890625 0.41328125 0.0859375 0.08125
3 0.9515625 0.4109375 0.0859375 0.078125