7 0.56484375 0.1765625 0.1265625 0.1140625
21 0.57109375 0.2828125 0.115625 0.1015625
15 0.575 0.3765625 0.109375 0.096875
14 0.57890625 0.459375 0.1046875 0.09375
8 0.58359375 0.534375 0.096875 0.090625
32 0.5875 0.603125 0.096875 0.090625
25 0.67265625 0.68984375 0.08125 0.09375
23 0.58828125 0.6671875 0.090625 0.0875
5 0.59296875 0.72734375 0.0875 0.0828125
36 0.59453125 0.78125 0.08125 0.0765625
36 0.596875 0.8296875 0.08125 0.075
8 0.6 0.875 0.078125 0.071875
17 0.60234375 0.9171875 0.075 0.0734375
25 0.60390625 0.95625 0.075 0.0703125