20 0.25078125 0.34140625 0.1359375 0.109375
6 0.3609375 0.63671875 0.1640625 0.115625
25 0.63125 0.75390625 0.15625 0.178125
26 0.534375 0.60390625 0.1609375 0.134375
13 0.46015625 0.51171875 0.1453125 0.0953125
5 0.47109375 0.39765625 0.1359375 0.1140625
7 0.51875 0.30859375 0.1125 0.0984375
13 0.615625 0.24140625 0.08125 0.0828125
21 0.6359375 0.33984375 0.0859375 0.0921875
21 0.7234375 0.265625 0.10625 0.078125
10 0.73359375 0.40703125 0.0875 0.1015625
33 0.81640625 0.4328125 0.0921875 0.1046875