16 0.2203125 0.19609375 0.0953125 0.1
4 0.2671875 0.2234375 0.0984375 0.103125
11 0.31171875 0.25390625 0.0984375 0.103125
9 0.35859375 0.28203125 0.1015625 0.10625
14 0.409375 0.31328125 0.0984375 0.10625
10 0.46171875 0.346875 0.0984375 0.10625
20 0.51328125 0.38203125 0.0953125 0.103125
12 0.56953125 0.415625 0.1015625 0.1078125
6 0.6125 0.35234375 0.11875 0.1078125
7 0.63046875 0.45 0.10625 0.1140625
24 0.6921875 0.4890625 0.1140625 0.11875
15 0.75703125 0.52734375 0.121875 0.125
12 0.82109375 0.56875 0.1265625 0.128125
3 0.890625 0.61015625 0.134375 0.1359375