11 0.04765625 0.559375 0.09375 0.08125
32 0.1109375 0.54609375 0.1171875 0.0828125
12 0.1890625 0.52890625 0.109375 0.0828125
28 0.2640625 0.5140625 0.1015625 0.0828125
25 0.3390625 0.49765625 0.09375 0.0796875
34 0.41171875 0.48359375 0.0859375 0.078125
6 0.48671875 0.46796875 0.0859375 0.0765625
4 0.49921875 0.39765625 0.1140625 0.0828125
3 0.5578125 0.453125 0.0859375 0.0796875
33 0.628125 0.43828125 0.0921875 0.078125
16 0.696875 0.4234375 0.0953125 0.078125
21 0.765625 0.409375 0.0953125 0.0765625
31 0.83046875 0.39453125 0.0984375 0.0796875
18 0.89375 0.38125 0.1046875 0.0796875