20 0.9203125 0.490625 0.1234375 0.0828125
24 0.825 0.51015625 0.1078125 0.0828125
30 0.73671875 0.52265625 0.103125 0.0828125
34 0.65703125 0.53984375 0.0859375 0.08125
27 0.5765625 0.55546875 0.0734375 0.0796875
20 0.50390625 0.571875 0.071875 0.08125
34 0.4375 0.58515625 0.075 0.08125
7 0.3734375 0.5984375 0.0796875 0.078125
14 0.3640625 0.6625 0.10625 0.0640625
8 0.3125 0.60859375 0.0796875 0.075
17 0.253125 0.621875 0.078125 0.071875
31 0.2 0.63359375 0.0765625 0.075
4 0.1484375 0.6453125 0.078125 0.0703125
35 0.096875 0.653125 0.0796875 0.0671875