23 0.06171875 0.53359375 0.1234375 0.1015625
31 0.1453125 0.5125 0.1234375 0.0953125
36 0.23125 0.48984375 0.1140625 0.0953125
16 0.315625 0.46953125 0.1015625 0.09375
24 0.396875 0.44609375 0.0875 0.09375
7 0.471875 0.4296875 0.084375 0.0921875
19 0.5140625 0.34375 0.1140625 0.090625
14 0.5453125 0.4078125 0.084375 0.09375
9 0.615625 0.390625 0.0875 0.0921875
4 0.684375 0.3734375 0.0859375 0.09375
5 0.746875 0.35625 0.0890625 0.090625
22 0.809375 0.340625 0.090625 0.0875
25 0.865625 0.3265625 0.090625 0.0859375
4 0.921875 0.31328125 0.09375 0.0859375