24 0.115625 0.58515625 0.121875 0.1125
32 0.1796875 0.55 0.115625 0.1078125
6 0.24140625 0.5109375 0.109375 0.103125
15 0.3015625 0.47578125 0.103125 0.1015625
9 0.3609375 0.43984375 0.0984375 0.1015625
5 0.41875 0.40546875 0.09375 0.0953125
25 0.47578125 0.36875 0.09375 0.09375
27 0.5328125 0.33671875 0.0953125 0.09375
31 0.5859375 0.303125 0.1 0.0984375
11 0.6390625 0.26953125 0.0984375 0.0953125
31 0.690625 0.2390625 0.1015625 0.0953125
18 0.74296875 0.209375 0.10625 0.1
30 0.7921875 0.18046875 0.103125 0.096875