26 0.04375 0.44609375 0.0875 0.090625
23 0.1140625 0.4484375 0.096875 0.0859375
20 0.190625 0.446875 0.0953125 0.0921875
34 0.26640625 0.44765625 0.0875 0.09375
28 0.3421875 0.4484375 0.0859375 0.090625
10 0.41875 0.45 0.078125 0.0875
7 0.4953125 0.45 0.078125 0.0875
29 0.5703125 0.45 0.078125 0.0875
35 0.64921875 0.4484375 0.08125 0.0875
21 0.71640625 0.35625 0.1140625 0.0765625
16 0.725 0.44765625 0.0859375 0.09375
4 0.8 0.45 0.09375 0.090625
15 0.875 0.446875 0.1 0.0875
6 0.95078125 0.45 0.096875 0.090625