29 0.1671875 0.22734375 0.1359375 0.1328125
11 0.234375 0.27421875 0.13125 0.1296875
9 0.3015625 0.315625 0.1265625 0.1265625
26 0.36640625 0.359375 0.1234375 0.125
17 0.43046875 0.4 0.1171875 0.11875
10 0.49296875 0.4421875 0.1109375 0.115625
12 0.55234375 0.48203125 0.109375 0.1125
15 0.6109375 0.5203125 0.1140625 0.115625
32 0.66484375 0.459375 0.125 0.1171875
14 0.6703125 0.5609375 0.1171875 0.1171875
21 0.7296875 0.5984375 0.1140625 0.1171875
14 0.78515625 0.6359375 0.115625 0.115625
33 0.83984375 0.671875 0.1171875 0.1171875
22 0.8921875 0.70546875 0.11875 0.1171875