28 0.14296875 0.32109375 0.1453125 0.1328125
32 0.234375 0.334375 0.13125 0.121875
6 0.31875 0.3421875 0.1171875 0.1171875
7 0.39765625 0.353125 0.109375 0.1125
32 0.475 0.365625 0.1015625 0.109375
18 0.54765625 0.3734375 0.09375 0.1078125
8 0.61484375 0.38125 0.090625 0.1015625
6 0.6765625 0.3890625 0.0984375 0.10625
11 0.7375 0.396875 0.09375 0.103125
12 0.79296875 0.4046875 0.0953125 0.1015625
11 0.84453125 0.4078125 0.090625 0.096875
31 0.89375 0.41640625 0.0921875 0.096875
5 0.94375 0.421875 0.09375 0.0953125
36 0.9703125 0.4265625 0.05625 0.0953125