36 0.08046875 0.69921875 0.1109375 0.1078125
35 0.13203125 0.66328125 0.1109375 0.1078125
16 0.18203125 0.62734375 0.10625 0.1046875
3 0.2328125 0.59140625 0.10625 0.1046875
30 0.2859375 0.5546875 0.1046875 0.103125
34 0.33984375 0.5171875 0.103125 0.103125
30 0.3953125 0.4796875 0.1 0.0984375
24 0.45234375 0.440625 0.0953125 0.0953125
36 0.5078125 0.40078125 0.0953125 0.0953125
32 0.48515625 0.33515625 0.125 0.121875
11 0.565625 0.3609375 0.1046875 0.103125
14 0.62578125 0.31875 0.109375 0.1078125
19 0.6859375 0.2765625 0.1140625 0.1109375
20 0.74609375 0.23515625 0.1171875 0.1140625