3 0.053125 0.4234375 0.1 0.075
12 0.11328125 0.4203125 0.0984375 0.0765625
10 0.17265625 0.4125 0.0984375 0.0796875
20 0.2328125 0.41015625 0.096875 0.0765625
13 0.296875 0.40625 0.0921875 0.0796875
9 0.36015625 0.40390625 0.0921875 0.0859375
16 0.42890625 0.4015625 0.0875 0.0796875
33 0.465625 0.33515625 0.1140625 0.075
6 0.49921875 0.39921875 0.0828125 0.078125
30 0.5734375 0.3921875 0.0859375 0.0796875
15 0.65 0.3859375 0.0921875 0.08125
12 0.7296875 0.38125 0.0984375 0.0859375
3 0.8109375 0.37734375 0.10625 0.0859375
26 0.89453125 0.371875 0.11875 0.0921875