32 0.0671875 0.5515625 0.134375 0.096875
16 0.1578125 0.5296875 0.125 0.090625
3 0.24921875 0.50234375 0.1078125 0.0890625
11 0.3328125 0.478125 0.0984375 0.090625
36 0.41484375 0.45625 0.084375 0.0875
30 0.49140625 0.43515625 0.0828125 0.0890625
29 0.565625 0.4234375 0.0859375 0.0859375
14 0.63125 0.4015625 0.0875 0.0875
11 0.62578125 0.33515625 0.11875 0.0796875
22 0.69375 0.3859375 0.0890625 0.0828125
32 0.75625 0.3640625 0.0875 0.0828125
26 0.8109375 0.34765625 0.090625 0.078125
22 0.86640625 0.33515625 0.0921875 0.078125
14 0.91640625 0.31875 0.09375 0.078125