16 0.43984375 0.91328125 0.078125 0.0796875
12 0.440625 0.85625 0.075 0.08125
31 0.4421875 0.7984375 0.078125 0.084375
29 0.44375 0.740625 0.08125 0.0859375
10 0.44609375 0.6765625 0.08125 0.0828125
16 0.44765625 0.61328125 0.08125 0.078125
25 0.4484375 0.54609375 0.08125 0.0765625
18 0.37265625 0.54765625 0.0703125 0.10625
27 0.45 0.4765625 0.0828125 0.0765625
13 0.45234375 0.40625 0.0859375 0.078125
19 0.453125 0.3296875 0.0859375 0.078125
12 0.45625 0.24921875 0.090625 0.0859375
30 0.45625 0.171875 0.090625 0.09375
8 0.459375 0.08671875 0.096875 0.1