26 0.95546875 0.5546875 0.0875 0.0921875
23 0.8859375 0.5515625 0.096875 0.0859375
20 0.809375 0.553125 0.0953125 0.0921875
34 0.73359375 0.55234375 0.0875 0.09375
28 0.6578125 0.5515625 0.0859375 0.090625
10 0.58125 0.55 0.078125 0.0875
7 0.5046875 0.55 0.078125 0.0875
29 0.4296875 0.55 0.078125 0.0875
35 0.35078125 0.5515625 0.08125 0.0859375
21 0.28359375 0.64375 0.1140625 0.0765625
16 0.275 0.55234375 0.0859375 0.09375
4 0.2 0.55 0.0921875 0.090625
15 0.125 0.553125 0.1 0.0875
6 0.04921875 0.55 0.096875 0.090625