31 0.0734375 0.6265625 0.103125 0.1015625
17 0.128125 0.6046875 0.1 0.1015625
8 0.1796875 0.584375 0.103125 0.103125
17 0.2359375 0.56171875 0.103125 0.1046875
15 0.2921875 0.540625 0.1015625 0.1046875
18 0.35078125 0.51484375 0.103125 0.10625
11 0.41171875 0.49296875 0.1015625 0.103125
35 0.3828125 0.4234375 0.11875 0.1015625
21 0.475 0.465625 0.0984375 0.103125
27 0.5390625 0.4421875 0.0984375 0.103125
27 0.60546875 0.41640625 0.103125 0.109375
26 0.6765625 0.3890625 0.1125 0.115625
20 0.74921875 0.3609375 0.11875 0.11875
4 0.825 0.334375 0.125 0.125