25 0.253125 0.80078125 0.184375 0.184375
32 0.3171875 0.7203125 0.1671875 0.1671875
8 0.3765625 0.6390625 0.1484375 0.1546875
34 0.43125 0.56953125 0.13125 0.1375
28 0.48125 0.50390625 0.121875 0.1296875
29 0.52734375 0.44609375 0.1171875 0.125
19 0.53046875 0.31484375 0.134375 0.134375
35 0.56640625 0.39375 0.1171875 0.1234375
18 0.60546875 0.3453125 0.115625 0.121875
19 0.63828125 0.29765625 0.1109375 0.1171875
34 0.66875 0.2578125 0.10625 0.1140625
36 0.696875 0.21796875 0.1 0.10625
24 0.7234375 0.1828125 0.0984375 0.1046875
27 0.746875 0.14921875 0.0984375 0.1015625