9 0.20234375 0.17734375 0.1296875 0.128125
22 0.26328125 0.2265625 0.1171875 0.1171875
31 0.325 0.271875 0.1109375 0.1125
29 0.38359375 0.31328125 0.10625 0.1078125
20 0.440625 0.35703125 0.10625 0.10625
24 0.49296875 0.3953125 0.1015625 0.103125
7 0.5453125 0.4328125 0.0984375 0.0984375
26 0.5921875 0.4671875 0.0984375 0.1015625
19 0.68125 0.446875 0.109375 0.1015625
22 0.6390625 0.50078125 0.096875 0.0984375
27 0.684375 0.5328125 0.1015625 0.1
30 0.72734375 0.56796875 0.096875 0.096875
17 0.76796875 0.6 0.0953125 0.09375
24 0.80859375 0.6296875 0.09375 0.09375