26 0.059375 0.42890625 0.0859375 0.0875
25 0.1109375 0.428125 0.0875 0.0890625
9 0.16328125 0.428125 0.0859375 0.0921875
13 0.21796875 0.428125 0.0875 0.09375
5 0.278125 0.428125 0.090625 0.0953125
4 0.3390625 0.42890625 0.0875 0.09375
22 0.4046875 0.42890625 0.0875 0.096875
18 0.471875 0.42890625 0.0859375 0.1015625
16 0.5453125 0.43046875 0.0859375 0.1015625
5 0.5828125 0.3453125 0.1171875 0.09375
33 0.62421875 0.42890625 0.0921875 0.103125
3 0.70625 0.43125 0.103125 0.109375
22 0.79296875 0.4359375 0.115625 0.1171875
23 0.8875 0.43671875 0.128125 0.1171875