16 0.8875 0.64453125 0.0671875 0.078125
4 0.83359375 0.63984375 0.0703125 0.08125
11 0.7796875 0.634375 0.0703125 0.08125
9 0.725 0.63046875 0.0703125 0.0828125
14 0.665625 0.62421875 0.0671875 0.0859375
10 0.60390625 0.61875 0.0671875 0.0859375
20 0.5421875 0.61171875 0.0640625 0.0828125
12 0.47578125 0.60703125 0.0703125 0.0859375
6 0.4671875 0.6828125 0.0984375 0.0703125
7 0.40703125 0.603125 0.075 0.090625
24 0.33359375 0.596875 0.078125 0.09375
15 0.259375 0.59296875 0.0875 0.0953125
12 0.18359375 0.584375 0.0921875 0.096875
3 0.10234375 0.57890625 0.1 0.1015625