22 0.17890625 0.43984375 0.0875 0.071875
23 0.25078125 0.4375 0.0796875 0.0703125
23 0.3171875 0.434375 0.071875 0.0671875
17 0.3859375 0.428125 0.0640625 0.0671875
13 0.446875 0.425 0.0625 0.0671875
25 0.5078125 0.42109375 0.0609375 0.0640625
16 0.565625 0.41640625 0.0640625 0.065625
21 0.6234375 0.41328125 0.0671875 0.06875
10 0.678125 0.41015625 0.0671875 0.0640625
30 0.73515625 0.40703125 0.0703125 0.0640625
25 0.7859375 0.40546875 0.071875 0.0609375
31 0.83515625 0.403125 0.06875 0.059375
30 0.8859375 0.39921875 0.0671875 0.0578125
18 0.9328125 0.3953125 0.071875 0.0625