35 0.09765625 0.6671875 0.125 0.1171875
16 0.15703125 0.628125 0.121875 0.1140625
36 0.21796875 0.58984375 0.1140625 0.1078125
4 0.275 0.55390625 0.1109375 0.10625
6 0.334375 0.51875 0.1015625 0.1
31 0.38984375 0.48359375 0.0984375 0.0984375
17 0.44765625 0.44921875 0.0953125 0.0984375
5 0.50234375 0.41328125 0.0953125 0.096875
33 0.559375 0.3796875 0.09375 0.09375
26 0.6140625 0.34375 0.1015625 0.103125
24 0.66640625 0.3109375 0.103125 0.1015625
7 0.72109375 0.27890625 0.103125 0.1015625
23 0.77265625 0.24609375 0.1015625 0.1
27 0.82734375 0.2140625 0.1109375 0.10625