10 0.48828125 0.95 0.115625 0.0984375
33 0.4703125 0.8640625 0.1078125 0.1171875
9 0.4578125 0.76640625 0.10625 0.10625
29 0.44140625 0.67265625 0.103125 0.0921875
28 0.43046875 0.58671875 0.1015625 0.0875
7 0.4203125 0.50703125 0.096875 0.0875
27 0.41328125 0.43125 0.090625 0.0859375
5 0.32734375 0.37578125 0.0765625 0.1171875
21 0.40390625 0.3640625 0.078125 0.0828125
10 0.390625 0.29921875 0.0875 0.0859375
19 0.37890625 0.2390625 0.0859375 0.0796875
20 0.3703125 0.18203125 0.0859375 0.0875
13 0.3625 0.12734375 0.0796875 0.0828125
8 0.35703125 0.07578125 0.078125 0.0796875