20 0.1296875 0.63125 0.103125 0.103125
27 0.1703125 0.59921875 0.10625 0.10625
28 0.21328125 0.56171875 0.10625 0.10625
7 0.2578125 0.5265625 0.109375 0.109375
23 0.30546875 0.490625 0.1078125 0.109375
35 0.35234375 0.45390625 0.109375 0.109375
32 0.40390625 0.41484375 0.109375 0.1109375
22 0.45625 0.37421875 0.1078125 0.109375
33 0.51171875 0.33203125 0.115625 0.1171875
29 0.57109375 0.2859375 0.11875 0.121875
34 0.4953125 0.23828125 0.1296875 0.125
7 0.63359375 0.240625 0.1234375 0.125
5 0.6953125 0.19453125 0.1328125 0.1328125
7 0.7625 0.14453125 0.1421875 0.140625