3 0.9375 0.6234375 0.09375 0.0640625
12 0.8765625 0.6203125 0.090625 0.0671875
10 0.8171875 0.62109375 0.090625 0.0703125
20 0.75703125 0.61796875 0.090625 0.0671875
13 0.69296875 0.61484375 0.0859375 0.071875
9 0.62890625 0.61015625 0.084375 0.0765625
16 0.5609375 0.6046875 0.0796875 0.0703125
33 0.5171875 0.66796875 0.109375 0.0640625
6 0.490625 0.60078125 0.075 0.0703125
30 0.41640625 0.6 0.0796875 0.071875
15 0.33828125 0.59765625 0.0859375 0.071875
12 0.259375 0.59453125 0.090625 0.0765625
3 0.17890625 0.5890625 0.0984375 0.075
26 0.09453125 0.58671875 0.1109375 0.08125