36 0.18828125 0.50078125 0.0796875 0.078125
31 0.23203125 0.4828125 0.0796875 0.0796875
3 0.278125 0.4671875 0.0796875 0.0828125
27 0.3234375 0.4515625 0.078125 0.0796875
21 0.371875 0.434375 0.078125 0.078125
36 0.41875 0.4171875 0.0765625 0.078125
29 0.46953125 0.39765625 0.078125 0.08125
26 0.521875 0.38125 0.0828125 0.0859375
20 0.5734375 0.36015625 0.0828125 0.0859375
34 0.63125 0.3390625 0.090625 0.0921875
10 0.68828125 0.3171875 0.09375 0.090625
34 0.065625 0.5421875 0.0796875 0.078125
10 0.10625 0.52734375 0.078125 0.078125
7 0.14765625 0.5140625 0.078125 0.078125