15 0.04921875 0.4078125 0.0984375 0.09375
21 0.12578125 0.40703125 0.096875 0.09375
13 0.20546875 0.4015625 0.09375 0.090625
12 0.28203125 0.4 0.090625 0.09375
12 0.3578125 0.4 0.090625 0.09375
15 0.428125 0.39765625 0.078125 0.0875
16 0.5 0.39453125 0.0703125 0.0859375
9 0.57109375 0.3921875 0.0765625 0.0875
17 0.6390625 0.3890625 0.0765625 0.0875
20 0.7078125 0.3859375 0.08125 0.0875
22 0.76953125 0.38515625 0.0828125 0.0828125
15 0.83359375 0.38203125 0.08125 0.0859375
36 0.89296875 0.38125 0.0859375 0.0828125
28 0.95390625 0.37890625 0.08125 0.0828125