25 0.09296875 0.6078125 0.1140625 0.09375
32 0.1578125 0.57890625 0.109375 0.0921875
8 0.2203125 0.55 0.1078125 0.09375
34 0.2859375 0.52109375 0.1015625 0.090625
28 0.34921875 0.49765625 0.096875 0.0875
29 0.4109375 0.46953125 0.090625 0.0828125
19 0.46171875 0.38203125 0.1140625 0.090625
35 0.47578125 0.44453125 0.0875 0.0796875
18 0.53984375 0.4125 0.09375 0.0875
19 0.60078125 0.384375 0.096875 0.0890625
34 0.6640625 0.35625 0.1 0.0921875
36 0.725 0.33046875 0.103125 0.090625
24 0.784375 0.30390625 0.103125 0.0921875
27 0.84609375 0.278125 0.109375 0.09375