33 0.23203125 0.1625 0.1359375 0.1359375
21 0.29296875 0.21875 0.13125 0.13125
32 0.35078125 0.2703125 0.121875 0.121875
26 0.4078125 0.32109375 0.121875 0.121875
32 0.46171875 0.37109375 0.1109375 0.1109375
10 0.5125 0.42109375 0.1078125 0.1078125
36 0.56484375 0.4671875 0.10625 0.10625
34 0.61484375 0.5140625 0.1109375 0.1109375
29 0.69296875 0.478125 0.125 0.125
29 0.66328125 0.5609375 0.1140625 0.1140625
28 0.7140625 0.60859375 0.1125 0.1125
26 0.759375 0.653125 0.115625 0.115625
4 0.80390625 0.69609375 0.1125 0.1125
19 0.846875 0.7359375 0.1125 0.1125