22 0.0421875 0.4828125 0.084375 0.075
23 0.09296875 0.47734375 0.09375 0.0734375
23 0.146875 0.4703125 0.0953125 0.075
17 0.2046875 0.4625 0.0875 0.075
13 0.26484375 0.4546875 0.0890625 0.075
25 0.325 0.4484375 0.084375 0.071875
16 0.38359375 0.44140625 0.0796875 0.071875
21 0.44609375 0.434375 0.078125 0.0703125
10 0.50859375 0.42578125 0.075 0.071875
30 0.571875 0.4171875 0.075 0.0765625
25 0.6390625 0.41015625 0.078125 0.0765625
31 0.7046875 0.403125 0.0859375 0.0765625
30 0.77421875 0.39453125 0.0875 0.078125
18 0.84453125 0.3875 0.0953125 0.078125