14 0.1328125 0.21953125 0.1109375 0.103125
23 0.1859375 0.246875 0.1171875 0.1046875
30 0.24140625 0.2734375 0.115625 0.10625
5 0.3015625 0.30546875 0.1109375 0.1015625
20 0.35859375 0.33515625 0.10625 0.1
22 0.41875 0.365625 0.10625 0.1015625
9 0.47890625 0.3953125 0.0984375 0.0953125
17 0.5421875 0.425 0.09375 0.09375
16 0.6046875 0.459375 0.096875 0.0953125
4 0.6671875 0.490625 0.1015625 0.0984375
15 0.7328125 0.521875 0.10625 0.1015625
23 0.79765625 0.553125 0.1109375 0.1046875
18 0.86171875 0.58671875 0.1171875 0.109375
23 0.9265625 0.61875 0.121875 0.1109375