24 0.79375 0.578125 0.090625 0.1015625
29 0.7078125 0.58125 0.084375 0.09375
23 0.6296875 0.58203125 0.0828125 0.090625
22 0.5578125 0.5828125 0.0796875 0.0875
31 0.490625 0.58359375 0.078125 0.0859375
5 0.4265625 0.58515625 0.075 0.078125
18 0.36796875 0.58671875 0.0765625 0.0765625
6 0.3125 0.5890625 0.0765625 0.078125
22 0.25859375 0.66328125 0.090625 0.0625
31 0.26171875 0.590625 0.075 0.075
36 0.21015625 0.59140625 0.0734375 0.071875
31 0.16328125 0.59140625 0.0671875 0.0734375
18 0.11953125 0.58984375 0.071875 0.06875
7 0.08125 0.59453125 0.0671875 0.0703125