32 0.521875 0.93515625 0.0875 0.128125
16 0.5046875 0.84296875 0.0828125 0.1171875
3 0.484375 0.75078125 0.0828125 0.1015625
11 0.4671875 0.665625 0.084375 0.09375
36 0.45 0.58203125 0.0828125 0.078125
30 0.434375 0.5046875 0.084375 0.0765625
29 0.428125 0.42890625 0.0796875 0.0796875
14 0.4109375 0.36328125 0.08125 0.0828125
11 0.34375 0.3625 0.071875 0.1140625
22 0.39921875 0.2984375 0.0765625 0.084375
32 0.38203125 0.23515625 0.0765625 0.0828125
26 0.36875 0.1796875 0.071875 0.0859375
22 0.3609375 0.1234375 0.0734375 0.0875
14 0.3484375 0.071875 0.0734375 0.0875