11 0.04609375 0.4546875 0.0921875 0.0765625
32 0.11171875 0.45703125 0.1140625 0.0765625
12 0.190625 0.45859375 0.10625 0.0796875
28 0.2671875 0.46015625 0.0984375 0.078125
25 0.34375 0.46171875 0.090625 0.075
34 0.41796875 0.4640625 0.0828125 0.075
6 0.49375 0.465625 0.0828125 0.0734375
4 0.52265625 0.4 0.1109375 0.078125
3 0.56640625 0.4671875 0.084375 0.078125
33 0.6390625 0.46875 0.0890625 0.075
16 0.709375 0.4703125 0.09375 0.0734375
21 0.77890625 0.4703125 0.09375 0.071875
31 0.8453125 0.471875 0.0953125 0.0765625
18 0.91015625 0.4734375 0.1015625 0.075