30 0.13984375 0.465625 0.1046875 0.10625
27 0.23125 0.46015625 0.09375 0.1046875
35 0.3140625 0.45703125 0.084375 0.1
12 0.3921875 0.45078125 0.078125 0.096875
28 0.465625 0.446875 0.071875 0.09375
14 0.5328125 0.44140625 0.071875 0.0875
27 0.59453125 0.4359375 0.0703125 0.0875
7 0.63359375 0.36015625 0.096875 0.0671875
24 0.6546875 0.43125 0.0703125 0.084375
13 0.7125 0.42890625 0.0703125 0.08125
11 0.76484375 0.42578125 0.0703125 0.078125
18 0.8171875 0.4234375 0.065625 0.0765625
6 0.86484375 0.42109375 0.065625 0.075
22 0.909375 0.41875 0.065625 0.071875