36 0.440625 0.93203125 0.059375 0.109375
35 0.4390625 0.85703125 0.0578125 0.103125
16 0.4296875 0.7828125 0.0609375 0.0984375
3 0.42890625 0.71015625 0.0609375 0.090625
30 0.425 0.6375 0.0640625 0.0828125
34 0.42109375 0.5640625 0.0609375 0.0765625
30 0.41875 0.4921875 0.0625 0.071875
24 0.41484375 0.42109375 0.0625 0.075
36 0.4125 0.35234375 0.0640625 0.0828125
32 0.3453125 0.31796875 0.0625 0.1140625
11 0.4078125 0.28046875 0.0625 0.0859375
14 0.4046875 0.2125 0.0625 0.0875
19 0.4015625 0.1453125 0.0640625 0.09375
20 0.39921875 0.0796875 0.0625 0.0953125