36 0.06484375 0.521875 0.0953125 0.09375
35 0.1140625 0.509375 0.0953125 0.0921875
16 0.165625 0.4984375 0.0953125 0.090625
3 0.21796875 0.4859375 0.096875 0.0953125
30 0.27421875 0.475 0.0953125 0.0984375
34 0.3328125 0.4625 0.1 0.1015625
30 0.39375 0.45 0.1015625 0.103125
24 0.46015625 0.4359375 0.0953125 0.1015625
36 0.525 0.41875 0.09375 0.1046875
32 0.51953125 0.3390625 0.1171875 0.1046875
11 0.6 0.4046875 0.0984375 0.109375
14 0.67734375 0.3859375 0.109375 0.1125
19 0.75703125 0.36875 0.121875 0.1203125
20 0.8421875 0.35078125 0.1296875 0.1234375