23 0.1296875 0.246875 0.1265625 0.1140625
31 0.19609375 0.28203125 0.1296875 0.115625
36 0.26953125 0.31875 0.1234375 0.109375
16 0.34140625 0.3546875 0.1140625 0.1046875
24 0.4125 0.390625 0.10625 0.0984375
7 0.48046875 0.4265625 0.1 0.0953125
19 0.55390625 0.39140625 0.1265625 0.1078125
14 0.55078125 0.459375 0.103125 0.1015625
9 0.61640625 0.4921875 0.10625 0.1015625
4 0.68359375 0.525 0.1109375 0.103125
5 0.746875 0.55625 0.1140625 0.1046875
22 0.8078125 0.5875 0.1171875 0.10625
25 0.86796875 0.61875 0.1171875 0.10625
4 0.928125 0.64921875 0.11875 0.10625