26 0.10078125 0.4734375 0.109375 0.1015625
25 0.19375 0.471875 0.0953125 0.1015625
9 0.28046875 0.46796875 0.0890625 0.0984375
13 0.3640625 0.46875 0.0859375 0.09375
5 0.4390625 0.465625 0.084375 0.090625
4 0.50859375 0.46484375 0.0828125 0.0828125
22 0.5765625 0.459375 0.0796875 0.0828125
18 0.63984375 0.45859375 0.078125 0.0796875
16 0.69921875 0.45703125 0.0796875 0.0765625
5 0.7515625 0.38359375 0.103125 0.0640625
33 0.75546875 0.4546875 0.078125 0.075
3 0.8125 0.45625 0.078125 0.0734375
22 0.8640625 0.45546875 0.0765625 0.071875
23 0.9125 0.4546875 0.0796875 0.071875