16 0.24765625 0.1765625 0.134375 0.134375
4 0.30859375 0.2296875 0.1296875 0.1296875
11 0.36640625 0.28203125 0.125 0.125
9 0.425 0.33359375 0.121875 0.121875
14 0.48203125 0.384375 0.1140625 0.115625
10 0.53828125 0.4328125 0.1140625 0.1140625
20 0.590625 0.4828125 0.115625 0.115625
12 0.64296875 0.52890625 0.1125 0.1125
6 0.71484375 0.4921875 0.1265625 0.125
7 0.69765625 0.57109375 0.11875 0.1171875
24 0.7484375 0.61640625 0.11875 0.1171875
15 0.79765625 0.659375 0.1171875 0.1171875
12 0.84375 0.70234375 0.1171875 0.1171875
3 0.89140625 0.74296875 0.1171875 0.1171875