5 0.13359375 0.4859375 0.1140625 0.1203125
35 0.2359375 0.47890625 0.1 0.1140625
14 0.328125 0.47421875 0.09375 0.109375
4 0.41328125 0.46875 0.0875 0.103125
17 0.4890625 0.4640625 0.08125 0.0984375
9 0.5578125 0.4609375 0.08125 0.0953125
3 0.62265625 0.4546875 0.0796875 0.0921875
5 0.684375 0.45234375 0.078125 0.0890625
35 0.70625 0.371875 0.0953125 0.0734375
34 0.73984375 0.45 0.0796875 0.0875
21 0.790625 0.44609375 0.071875 0.0828125
11 0.840625 0.44375 0.0703125 0.0796875
24 0.8875 0.44140625 0.065625 0.0765625
21 0.9296875 0.440625 0.0671875 0.0734375