34 0.540625 0.06953125 0.0953125 0.11875
14 0.55390625 0.1515625 0.09375 0.109375
34 0.5671875 0.2328125 0.0921875 0.1
16 0.57734375 0.31015625 0.0890625 0.0859375
19 0.590625 0.38046875 0.084375 0.078125
10 0.60078125 0.45390625 0.0890625 0.0703125
26 0.6125 0.51875 0.0859375 0.0703125
29 0.621875 0.58515625 0.0859375 0.0671875
29 0.63359375 0.64609375 0.084375 0.0734375
4 0.70390625 0.64765625 0.071875 0.096875
27 0.64140625 0.7046875 0.0796875 0.071875
24 0.64921875 0.7609375 0.075 0.071875
9 0.65703125 0.8140625 0.0765625 0.06875
9 0.66875 0.865625 0.078125 0.0703125