33 0.0671875 0.59453125 0.13125 0.0859375
5 0.1484375 0.5609375 0.13125 0.0890625
29 0.23515625 0.52890625 0.1140625 0.09375
25 0.31796875 0.4984375 0.0984375 0.090625
6 0.3953125 0.4671875 0.0859375 0.0875
16 0.46953125 0.4421875 0.0734375 0.0890625
36 0.5390625 0.41484375 0.071875 0.090625
13 0.54296875 0.346875 0.1 0.096875
23 0.6078125 0.38984375 0.0734375 0.0921875
10 0.67265625 0.36796875 0.0734375 0.090625
31 0.73359375 0.3453125 0.075 0.090625
26 0.79375 0.3265625 0.075 0.0859375
8 0.85 0.30703125 0.0796875 0.0859375
18 0.90390625 0.2875 0.08125 0.0859375