25 0.521875 0.0828125 0.1671875 0.165625
28 0.5484375 0.2203125 0.1578125 0.134375
30 0.57109375 0.3421875 0.14375 0.1171875
35 0.58671875 0.44375 0.1328125 0.10625
6 0.5984375 0.5328125 0.1265625 0.10625
28 0.6109375 0.61015625 0.1171875 0.1015625
9 0.6203125 0.6796875 0.1125 0.0953125
23 0.63046875 0.74140625 0.103125 0.0921875
3 0.72578125 0.778125 0.0859375 0.11875
16 0.63984375 0.79921875 0.1 0.0859375
13 0.646875 0.846875 0.09375 0.0828125
8 0.653125 0.890625 0.09375 0.078125
31 0.65859375 0.93125 0.0859375 0.075
21 0.665625 0.9640625 0.0828125 0.0703125