33 0.178125 0.80390625 0.1578125 0.1421875
5 0.23046875 0.73359375 0.1578125 0.14375
29 0.2875 0.6609375 0.1453125 0.1390625
25 0.34375 0.59296875 0.13125 0.1296875
6 0.39375 0.5265625 0.11875 0.11875
16 0.44375 0.46640625 0.109375 0.1140625
36 0.48984375 0.40703125 0.109375 0.115625
13 0.4578125 0.346875 0.134375 0.134375
23 0.5359375 0.35 0.109375 0.1171875
10 0.5796875 0.29765625 0.109375 0.115625
31 0.62109375 0.24765625 0.1109375 0.1171875
26 0.6625 0.2 0.109375 0.1109375
8 0.7015625 0.1546875 0.1109375 0.1140625
18 0.7375 0.11015625 0.1140625 0.1140625