34 0.04765625 0.39375 0.0859375 0.084375
14 0.103125 0.39453125 0.0875 0.084375
34 0.1625 0.396875 0.0859375 0.0875
16 0.22578125 0.4 0.0859375 0.0859375
19 0.290625 0.403125 0.0859375 0.0859375
10 0.3578125 0.40625 0.08125 0.0875
26 0.428125 0.4078125 0.0765625 0.090625
29 0.49765625 0.4125 0.075 0.090625
4 0.5640625 0.33125 0.10625 0.078125
29 0.57109375 0.41484375 0.075 0.0921875
27 0.64765625 0.415625 0.0765625 0.0953125
24 0.72890625 0.42109375 0.0875 0.096875
9 0.80859375 0.42265625 0.09375 0.0984375
9 0.8921875 0.42578125 0.103125 0.1015625