26 0.0625 0.36015625 0.103125 0.10625
23 0.13125 0.37578125 0.1109375 0.1015625
20 0.20625 0.3890625 0.109375 0.109375
34 0.28125 0.4046875 0.103125 0.1078125
28 0.3546875 0.4203125 0.1015625 0.10625
10 0.43046875 0.4359375 0.09375 0.1015625
7 0.50546875 0.45078125 0.09375 0.1015625
29 0.57890625 0.46484375 0.09375 0.1015625
35 0.65625 0.478125 0.0953125 0.1015625
21 0.740625 0.40078125 0.1265625 0.096875
16 0.73125 0.4921875 0.1015625 0.1078125
4 0.80390625 0.50859375 0.109375 0.10625
15 0.878125 0.5203125 0.1140625 0.10625
6 0.946875 0.5375 0.103125 0.1078125