16 0.35546875 0.8875 0.078125 0.0671875
4 0.36015625 0.83359375 0.08125 0.0703125
11 0.365625 0.7796875 0.08125 0.0703125
9 0.36953125 0.725 0.0828125 0.0703125
14 0.37578125 0.665625 0.0859375 0.0671875
10 0.38125 0.60390625 0.0859375 0.0671875
20 0.38828125 0.5421875 0.0828125 0.0640625
12 0.39296875 0.47578125 0.0859375 0.0703125
6 0.3171875 0.4671875 0.0703125 0.0984375
7 0.396875 0.40703125 0.090625 0.075
24 0.403125 0.33359375 0.09375 0.078125
15 0.40703125 0.259375 0.0953125 0.0875
12 0.415625 0.18359375 0.096875 0.0921875
3 0.42109375 0.10234375 0.1015625 0.1