7 0.55859375 0.065625 0.078125 0.08125
21 0.55625 0.125 0.08125 0.084375
15 0.55390625 0.1859375 0.08125 0.0828125
14 0.553125 0.2484375 0.0828125 0.0828125
8 0.55 0.3109375 0.0859375 0.08125
32 0.5484375 0.3765625 0.0859375 0.078125
23 0.54453125 0.44765625 0.0859375 0.075
25 0.6234375 0.4359375 0.075 0.10625
5 0.5421875 0.51796875 0.0859375 0.0734375
36 0.53828125 0.590625 0.0890625 0.078125
36 0.5359375 0.66640625 0.090625 0.08125
8 0.5359375 0.746875 0.0921875 0.0921875
17 0.53046875 0.82890625 0.0921875 0.0953125
25 0.528125 0.91171875 0.0953125 0.103125