30 0.19140625 0.615625 0.15625 0.1765625
27 0.2921875 0.57265625 0.1359375 0.159375
35 0.3859375 0.53515625 0.1109375 0.1421875
12 0.4578125 0.5 0.1 0.134375
28 0.525 0.46953125 0.096875 0.125
14 0.5859375 0.4453125 0.090625 0.11875
27 0.6375 0.42109375 0.0859375 0.1109375
7 0.65703125 0.32578125 0.1015625 0.096875
24 0.68671875 0.4 0.084375 0.109375
13 0.73046875 0.38046875 0.078125 0.1015625
11 0.76953125 0.36484375 0.075 0.0984375
18 0.8078125 0.34765625 0.071875 0.09375
6 0.83984375 0.33515625 0.06875 0.090625
22 0.8734375 0.321875 0.065625 0.0859375