5 0.128125 0.2453125 0.10625 0.09375
26 0.18125 0.26875 0.103125 0.09375
13 0.234375 0.290625 0.103125 0.0984375
5 0.2890625 0.31328125 0.10625 0.1
33 0.34375 0.3421875 0.1015625 0.0984375
18 0.40390625 0.3671875 0.1046875 0.103125
11 0.4671875 0.39296875 0.0984375 0.1015625
21 0.5296875 0.4265625 0.09375 0.0953125
33 0.5328125 0.3515625 0.121875 0.0984375
26 0.5984375 0.4546875 0.096875 0.096875
35 0.66796875 0.4828125 0.1015625 0.103125
23 0.74609375 0.50859375 0.1140625 0.109375
29 0.82109375 0.540625 0.121875 0.1140625
18 0.896875 0.571875 0.1328125 0.1203125