24 0.153125 0.2453125 0.1640625 0.15625
13 0.24921875 0.28515625 0.1453125 0.1421875
24 0.33671875 0.31875 0.134375 0.1328125
31 0.4234375 0.35 0.125 0.128125
10 0.4984375 0.38359375 0.115625 0.11875
8 0.56875 0.4078125 0.1140625 0.1171875
27 0.62890625 0.35 0.1375 0.125
32 0.63515625 0.434375 0.1140625 0.1171875
15 0.690625 0.4578125 0.1125 0.1140625
22 0.75234375 0.475 0.10625 0.109375
23 0.8015625 0.4953125 0.1109375 0.109375
27 0.85234375 0.5171875 0.1109375 0.1078125
27 0.90078125 0.53828125 0.109375 0.1046875
17 0.94453125 0.56015625 0.10625 0.103125