35 0.11796875 0.2921875 0.121875 0.109375
16 0.184375 0.3140625 0.1171875 0.10625
36 0.253125 0.3375 0.109375 0.1015625
4 0.31796875 0.36015625 0.109375 0.1015625
6 0.38203125 0.38359375 0.0984375 0.09375
31 0.44375 0.4046875 0.0953125 0.0953125
17 0.50703125 0.4265625 0.090625 0.09375
5 0.56953125 0.44765625 0.090625 0.09375
33 0.63046875 0.47109375 0.0890625 0.090625
26 0.69375 0.48984375 0.0984375 0.0984375
24 0.75234375 0.5109375 0.0984375 0.0984375
7 0.8109375 0.53203125 0.0984375 0.0953125
23 0.86875 0.55234375 0.0984375 0.0953125
27 0.928125 0.575 0.109375 0.1015625