25 0.084375 0.4328125 0.1015625 0.0640625
32 0.15546875 0.4328125 0.0953125 0.0640625
8 0.225 0.4328125 0.0921875 0.0671875
34 0.29609375 0.43203125 0.0859375 0.0671875
28 0.3625 0.43671875 0.08125 0.0640625
29 0.43125 0.43515625 0.075 0.0640625
19 0.5140625 0.3765625 0.1015625 0.0609375
35 0.50078125 0.4390625 0.071875 0.059375
18 0.57265625 0.4359375 0.075 0.06875
19 0.63984375 0.43515625 0.0796875 0.0671875
34 0.70859375 0.43515625 0.0828125 0.0703125
36 0.775 0.4375 0.0875 0.0671875
24 0.83984375 0.4359375 0.0875 0.0671875
27 0.90703125 0.4375 0.09375 0.0671875