3 0.06328125 0.47734375 0.1265625 0.1109375
3 0.1546875 0.4640625 0.121875 0.096875
31 0.24765625 0.446875 0.10625 0.0984375
29 0.3328125 0.43515625 0.0953125 0.096875
28 0.3796875 0.33359375 0.1171875 0.0859375
20 0.4140625 0.42265625 0.0828125 0.096875
3 0.49296875 0.41015625 0.075 0.09375
14 0.565625 0.4 0.0796875 0.090625
32 0.63203125 0.3890625 0.078125 0.090625
36 0.69453125 0.378125 0.08125 0.084375
25 0.7578125 0.36796875 0.0765625 0.0875
14 0.8109375 0.359375 0.08125 0.078125
8 0.8640625 0.3484375 0.0796875 0.078125
33 0.91875 0.33828125 0.08125 0.078125