20 0.80625 0.17109375 0.1140625 0.1265625
24 0.76796875 0.2390625 0.1109375 0.121875
30 0.72578125 0.30625 0.109375 0.1171875
34 0.68671875 0.37421875 0.109375 0.1171875
27 0.64921875 0.44140625 0.103125 0.1078125
20 0.6109375 0.5046875 0.096875 0.1
34 0.57421875 0.57109375 0.0953125 0.0984375
14 0.5890625 0.67265625 0.109375 0.128125
7 0.5375 0.6375 0.1015625 0.1078125
8 0.5046875 0.69921875 0.10625 0.1109375
17 0.4671875 0.7625 0.10625 0.1125
31 0.43125 0.82265625 0.1078125 0.1171875
4 0.39765625 0.88203125 0.109375 0.1171875
35 0.365625 0.9390625 0.1109375 0.1203125