23 0.21875 0.16875 0.103125 0.0953125
31 0.2640625 0.196875 0.10625 0.0984375
36 0.3109375 0.2265625 0.10625 0.0984375
16 0.3578125 0.25859375 0.1046875 0.1
24 0.40859375 0.2921875 0.103125 0.1
7 0.46015625 0.32578125 0.103125 0.1015625
19 0.5015625 0.2828125 0.1203125 0.1046875
14 0.5140625 0.36171875 0.1015625 0.0984375
9 0.5671875 0.3984375 0.0984375 0.0984375
4 0.628125 0.43671875 0.1015625 0.1015625
5 0.68984375 0.47578125 0.1046875 0.103125
22 0.75625 0.51484375 0.115625 0.109375
25 0.821875 0.5609375 0.11875 0.1125
4 0.890625 0.60625 0.1296875 0.11875