35 0.06875 0.44375 0.1015625 0.08125
16 0.1390625 0.4390625 0.096875 0.078125
36 0.21171875 0.43671875 0.090625 0.075
4 0.2796875 0.434375 0.0875 0.075
6 0.3484375 0.4328125 0.078125 0.071875
31 0.41328125 0.43046875 0.0734375 0.075
17 0.48046875 0.42890625 0.06875 0.075
5 0.54609375 0.4265625 0.06875 0.075
33 0.6109375 0.4265625 0.06875 0.0703125
26 0.6765625 0.42109375 0.0765625 0.078125
24 0.7390625 0.41953125 0.078125 0.075
7 0.8015625 0.41875 0.078125 0.0734375
23 0.8625 0.41640625 0.0796875 0.071875
27 0.92578125 0.41640625 0.0875 0.075