11 0.1765625 0.21796875 0.1140625 0.10625
32 0.228125 0.2484375 0.1109375 0.1046875
12 0.28046875 0.28046875 0.109375 0.1015625
28 0.33515625 0.3125 0.1125 0.1078125
25 0.3890625 0.34921875 0.109375 0.1046875
34 0.44765625 0.3828125 0.10625 0.10625
6 0.50625 0.41875 0.103125 0.1015625
4 0.55 0.3625 0.1234375 0.1078125
3 0.56875 0.45703125 0.0953125 0.0984375
33 0.63203125 0.49609375 0.10625 0.10625
16 0.69765625 0.5359375 0.1140625 0.109375
21 0.76640625 0.5765625 0.1203125 0.1171875
31 0.83515625 0.61875 0.1328125 0.1265625
18 0.9078125 0.66171875 0.1359375 0.1265625