7 0.43671875 0.9390625 0.0859375 0.1109375
21 0.43359375 0.85859375 0.0828125 0.1046875
15 0.42890625 0.7796875 0.084375 0.096875
14 0.42578125 0.70234375 0.084375 0.090625
8 0.42265625 0.62421875 0.0828125 0.0828125
32 0.42265625 0.54921875 0.08125 0.075
25 0.34296875 0.47421875 0.078125 0.1046875
23 0.415625 0.475 0.0859375 0.0765625
5 0.41484375 0.40234375 0.08125 0.0796875
36 0.4125 0.33046875 0.0796875 0.0859375
36 0.40703125 0.2609375 0.0796875 0.0859375
8 0.40546875 0.19375 0.0765625 0.0890625
17 0.403125 0.12578125 0.075 0.0890625
25 0.40078125 0.06328125 0.078125 0.0953125