25 0.45625 0.953125 0.1015625 0.0921875
28 0.4515625 0.878125 0.0953125 0.1109375
30 0.446875 0.79609375 0.096875 0.103125
35 0.4421875 0.71171875 0.0953125 0.09375
6 0.4421875 0.63125 0.09375 0.0875
28 0.440625 0.5515625 0.0890625 0.078125
9 0.43828125 0.4734375 0.0921875 0.0765625
23 0.4359375 0.39921875 0.0859375 0.0828125
3 0.34921875 0.38203125 0.078125 0.11875
16 0.43359375 0.3265625 0.0875 0.084375
13 0.43203125 0.253125 0.090625 0.0875
8 0.43046875 0.18125 0.0890625 0.0875
31 0.42578125 0.1140625 0.0875 0.090625
21 0.425 0.04765625 0.084375 0.09375