3 0.86953125 0.6140625 0.0703125 0.0703125
3 0.82109375 0.60859375 0.0703125 0.0734375
31 0.77265625 0.60625 0.0703125 0.075
29 0.72265625 0.60234375 0.071875 0.078125
28 0.69375 0.6703125 0.090625 0.0671875
20 0.67109375 0.5953125 0.071875 0.0796875
3 0.6125 0.590625 0.0703125 0.0796875
14 0.55390625 0.5859375 0.0703125 0.078125
32 0.49375 0.5796875 0.0703125 0.08125
36 0.43046875 0.575 0.0703125 0.0828125
25 0.36171875 0.57109375 0.0734375 0.0859375
14 0.2890625 0.56875 0.0828125 0.0875
8 0.2140625 0.56171875 0.090625 0.0875
33 0.134375 0.5578125 0.0953125 0.09375