10 0.07421875 0.59296875 0.1234375 0.1
19 0.15078125 0.57109375 0.1109375 0.0984375
22 0.22578125 0.55 0.10625 0.0921875
8 0.2984375 0.528125 0.096875 0.09375
11 0.36875 0.50859375 0.0890625 0.090625
31 0.4375 0.48984375 0.0828125 0.0875
7 0.50625 0.46953125 0.084375 0.0859375
18 0.56953125 0.45078125 0.0859375 0.0859375
22 0.634375 0.43359375 0.09375 0.0859375
16 0.696875 0.41796875 0.090625 0.0828125
27 0.75703125 0.39765625 0.09375 0.0859375
6 0.81484375 0.38125 0.0984375 0.0875
33 0.8734375 0.36640625 0.0953125 0.084375
5 0.92734375 0.3484375 0.09375 0.08125