18 0.0875 0.38046875 0.0859375 0.08125
21 0.146875 0.38203125 0.084375 0.0828125
5 0.2078125 0.38515625 0.0828125 0.0859375
6 0.27265625 0.3890625 0.0828125 0.0828125
23 0.3375 0.3921875 0.0765625 0.0859375
30 0.403125 0.3953125 0.0765625 0.0859375
22 0.46953125 0.396875 0.075 0.0859375
30 0.5390625 0.4 0.071875 0.0859375
11 0.61015625 0.403125 0.078125 0.0859375
17 0.68125 0.4078125 0.0828125 0.0859375
8 0.7078125 0.33125 0.1109375 0.0734375
27 0.75078125 0.4078125 0.0828125 0.090625
11 0.825 0.4125 0.090625 0.090625
3 0.90078125 0.415625 0.09375 0.090625