26 0.115625 0.7515625 0.1265625 0.1265625
23 0.17109375 0.70859375 0.1296875 0.128125
20 0.2296875 0.6578125 0.13125 0.13125
34 0.28828125 0.61015625 0.1265625 0.128125
28 0.34609375 0.5625 0.125 0.125
10 0.40625 0.5140625 0.1171875 0.11875
7 0.46484375 0.46484375 0.115625 0.1171875
29 0.521875 0.4171875 0.1171875 0.1171875
35 0.58125 0.365625 0.1171875 0.11875
21 0.5734375 0.2515625 0.1375 0.1328125
16 0.6390625 0.315625 0.125 0.1265625
4 0.69765625 0.26875 0.1296875 0.1296875
15 0.75390625 0.21953125 0.1328125 0.13125
6 0.81328125 0.17265625 0.1328125 0.13125