31 0.0828125 0.5328125 0.134375 0.1328125
17 0.18828125 0.51796875 0.1171875 0.125
8 0.28671875 0.50234375 0.10625 0.121875
17 0.3765625 0.48984375 0.090625 0.11875
15 0.4640625 0.478125 0.084375 0.109375
18 0.53984375 0.46796875 0.0796875 0.10625
11 0.61171875 0.45625 0.0796875 0.1015625
27 0.6796875 0.359375 0.0921875 0.090625
35 0.67890625 0.4421875 0.0765625 0.1015625
26 0.7390625 0.43671875 0.078125 0.096875
20 0.79765625 0.428125 0.071875 0.09375
4 0.85078125 0.41953125 0.0703125 0.0890625
21 0.8984375 0.4125 0.0703125 0.0875
27 0.94453125 0.40390625 0.0671875 0.0859375