11 0.128125 0.76484375 0.109375 0.10625
32 0.17890625 0.721875 0.1265625 0.1171875
12 0.2390625 0.671875 0.121875 0.115625
28 0.2984375 0.6234375 0.1171875 0.1109375
25 0.35703125 0.5734375 0.109375 0.1046875
34 0.41484375 0.52734375 0.1015625 0.1
6 0.4734375 0.478125 0.1015625 0.0984375
4 0.4515625 0.41015625 0.1265625 0.1171875
3 0.52890625 0.43125 0.1046875 0.1015625
33 0.584375 0.3859375 0.10625 0.103125
16 0.6390625 0.340625 0.109375 0.1046875
21 0.69140625 0.2953125 0.109375 0.103125
31 0.7421875 0.2515625 0.1140625 0.109375
18 0.7921875 0.21015625 0.1171875 0.109375