33 0.07421875 0.428125 0.1109375 0.090625
21 0.1578125 0.42890625 0.1015625 0.0953125
32 0.2359375 0.4296875 0.090625 0.090625
26 0.3109375 0.42890625 0.090625 0.0921875
32 0.3859375 0.43046875 0.0796875 0.0859375
10 0.45703125 0.4328125 0.0765625 0.0828125
36 0.52578125 0.4328125 0.0734375 0.0859375
34 0.59453125 0.43359375 0.0796875 0.084375
29 0.628125 0.3546875 0.109375 0.0734375
29 0.6625 0.43671875 0.0859375 0.084375
28 0.73203125 0.43828125 0.0828125 0.0828125
26 0.7953125 0.440625 0.0875 0.084375
4 0.85625 0.4421875 0.0859375 0.08125
19 0.915625 0.44296875 0.0859375 0.08125