10 0.93671875 0.63984375 0.078125 0.0796875
33 0.87890625 0.63359375 0.078125 0.078125
9 0.8171875 0.62890625 0.0796875 0.0828125
29 0.75625 0.62578125 0.0734375 0.0828125
28 0.69453125 0.6203125 0.071875 0.0859375
7 0.63125 0.6140625 0.0734375 0.0859375
27 0.5671875 0.60625 0.071875 0.084375
5 0.5390625 0.6765625 0.09375 0.071875
21 0.49765625 0.6 0.0671875 0.0796875
10 0.43046875 0.59609375 0.0765625 0.0875
19 0.359375 0.5890625 0.0828125 0.0859375
20 0.284375 0.58359375 0.0859375 0.0875
13 0.21015625 0.57734375 0.0921875 0.0859375
8 0.1296875 0.5703125 0.103125 0.090625