5 0.1671875 0.18828125 0.1171875 0.115625
35 0.2171875 0.22421875 0.121875 0.1203125
14 0.265625 0.26015625 0.11875 0.11875
4 0.31796875 0.2984375 0.1203125 0.1203125
17 0.37109375 0.334375 0.121875 0.121875
9 0.428125 0.37421875 0.1203125 0.121875
3 0.48359375 0.415625 0.1171875 0.1171875
5 0.5421875 0.459375 0.1140625 0.1171875
35 0.590625 0.38984375 0.1328125 0.1265625
34 0.603125 0.50078125 0.1140625 0.1171875
21 0.665625 0.54765625 0.1234375 0.125
11 0.73125 0.59375 0.1296875 0.13125
24 0.79921875 0.6421875 0.1328125 0.1328125
21 0.865625 0.69375 0.1421875 0.1390625