25 0.93046875 0.6203125 0.0796875 0.0828125
28 0.87265625 0.6140625 0.0796875 0.08125
30 0.81328125 0.609375 0.0765625 0.084375
35 0.753125 0.603125 0.0765625 0.084375
6 0.6921875 0.59453125 0.078125 0.0875
28 0.6265625 0.5859375 0.075 0.0875
9 0.55859375 0.578125 0.071875 0.090625
23 0.4875 0.56953125 0.0734375 0.09375
3 0.48125 0.6484375 0.096875 0.084375
16 0.41484375 0.55859375 0.078125 0.090625
13 0.334375 0.54765625 0.090625 0.09375
8 0.25390625 0.5421875 0.0953125 0.1
31 0.16796875 0.528125 0.10625 0.1
21 0.08125 0.51953125 0.1109375 0.1