5 0.48828125 0.9078125 0.1 0.1125
26 0.475 0.81484375 0.09375 0.096875
13 0.46171875 0.7296875 0.09375 0.084375
5 0.45234375 0.64921875 0.0875 0.078125
33 0.440625 0.5765625 0.0828125 0.075
18 0.43359375 0.509375 0.084375 0.075
11 0.4234375 0.446875 0.0765625 0.0734375
21 0.41640625 0.3875 0.075 0.075
33 0.35078125 0.37578125 0.0703125 0.090625
26 0.409375 0.33359375 0.075 0.0734375
35 0.3984375 0.2828125 0.071875 0.0671875
23 0.3859375 0.23515625 0.0703125 0.0625
29 0.3796875 0.19609375 0.0671875 0.0640625
18 0.3734375 0.15390625 0.0671875 0.0640625