16 0.12265625 0.60703125 0.1296875 0.125
12 0.20625 0.5734375 0.1171875 0.125
31 0.28515625 0.54765625 0.1109375 0.115625
29 0.36171875 0.515625 0.1046875 0.1140625
10 0.4296875 0.490625 0.0953125 0.10625
16 0.49140625 0.46875 0.0921875 0.1015625
25 0.55 0.44453125 0.0921875 0.1
18 0.5484375 0.36796875 0.1109375 0.090625
27 0.60859375 0.4234375 0.090625 0.0984375
13 0.66171875 0.403125 0.09375 0.0984375
19 0.71484375 0.38359375 0.0859375 0.0921875
12 0.76015625 0.36640625 0.0890625 0.0921875
30 0.80859375 0.34921875 0.084375 0.0859375
8 0.85234375 0.3328125 0.0890625 0.090625