3 0.0578125 0.6046875 0.1140625 0.1015625
12 0.1125 0.57734375 0.1125 0.1015625
10 0.1640625 0.54765625 0.1140625 0.10625
20 0.21875 0.521875 0.1109375 0.103125
13 0.27578125 0.49296875 0.109375 0.103125
9 0.334375 0.465625 0.109375 0.1078125
16 0.39609375 0.4375 0.1046875 0.1015625
33 0.40390625 0.3609375 0.125 0.109375
6 0.459375 0.4078125 0.1015625 0.0984375
30 0.525 0.3734375 0.1046875 0.1015625
15 0.59453125 0.33671875 0.109375 0.1046875
12 0.6640625 0.3015625 0.115625 0.1109375
3 0.7375 0.26640625 0.121875 0.1140625
26 0.8125 0.228125 0.1375 0.125