3 0.58515625 0.053125 0.103125 0.10625
3 0.58515625 0.13203125 0.0984375 0.10625
31 0.58671875 0.2171875 0.096875 0.09375
29 0.5875 0.29609375 0.0984375 0.090625
28 0.68359375 0.3453125 0.084375 0.115625
20 0.5890625 0.37578125 0.096875 0.0828125
3 0.5875 0.45546875 0.09375 0.0796875
14 0.5875 0.53203125 0.0953125 0.078125
32 0.590625 0.6046875 0.0953125 0.0828125
36 0.5921875 0.68046875 0.09375 0.0875
25 0.590625 0.753125 0.09375 0.09375
14 0.5921875 0.8234375 0.0875 0.0921875
8 0.59453125 0.89140625 0.09375 0.0921875
33 0.59609375 0.95703125 0.09375 0.084375