9 0.93046875 0.60390625 0.09375 0.08125
22 0.86484375 0.60234375 0.0890625 0.08125
31 0.79296875 0.596875 0.0875 0.0859375
29 0.725 0.596875 0.0859375 0.084375
20 0.65703125 0.5953125 0.078125 0.08125
24 0.5859375 0.59453125 0.071875 0.0828125
7 0.5171875 0.5921875 0.0703125 0.0828125
26 0.446875 0.58984375 0.0734375 0.0859375
19 0.38203125 0.66328125 0.10625 0.0703125
22 0.3796875 0.5890625 0.0734375 0.078125
27 0.3078125 0.58515625 0.084375 0.0828125
30 0.2375 0.58359375 0.09375 0.08125
17 0.17109375 0.5765625 0.0828125 0.08125
24 0.09609375 0.57578125 0.09375 0.0828125