20 0.67890625 0.0609375 0.0765625 0.090625
24 0.6703125 0.1234375 0.0765625 0.084375
30 0.6625 0.1828125 0.078125 0.084375
34 0.653125 0.2453125 0.078125 0.0828125
27 0.64453125 0.3109375 0.0765625 0.0796875
20 0.634375 0.37421875 0.075 0.0765625
34 0.6265625 0.44375 0.078125 0.071875
7 0.61875 0.51640625 0.078125 0.0734375
14 0.690625 0.5078125 0.075 0.1
8 0.6109375 0.590625 0.08125 0.08125
17 0.60078125 0.66484375 0.078125 0.090625
31 0.58828125 0.7421875 0.0796875 0.09375
4 0.5796875 0.81953125 0.0796875 0.103125
35 0.571875 0.90078125 0.08125 0.1125