9 0.06953125 0.4140625 0.0984375 0.090625
22 0.1484375 0.41796875 0.084375 0.0859375
31 0.225 0.41875 0.078125 0.0828125
29 0.29609375 0.4171875 0.0734375 0.08125
20 0.36796875 0.41875 0.0734375 0.0796875
24 0.4328125 0.4203125 0.0703125 0.078125
7 0.49609375 0.4203125 0.06875 0.075
26 0.55546875 0.4203125 0.06875 0.0765625
19 0.61484375 0.35078125 0.090625 0.0625
22 0.6125 0.41875 0.0671875 0.075
27 0.66796875 0.41875 0.075 0.0703125
30 0.7234375 0.421875 0.0703125 0.0703125
17 0.775 0.4234375 0.0703125 0.0671875
24 0.8265625 0.42421875 0.06875 0.0671875