5 0.11015625 0.31875 0.096875 0.1296875
9 0.2046875 0.3171875 0.0953125 0.1265625
13 0.303125 0.3171875 0.09375 0.1265625
17 0.39765625 0.3171875 0.0953125 0.1265625
21 0.49296875 0.31796875 0.0921875 0.125
25 0.58671875 0.31640625 0.09375 0.1265625
29 0.68046875 0.3171875 0.09375 0.1265625
33 0.77578125 0.31640625 0.0953125 0.1265625
36 0.87109375 0.31640625 0.0953125 0.1296875
4 0.10859375 0.44921875 0.096875 0.1265625
8 0.20625 0.446875 0.0984375 0.125
12 0.303125 0.44453125 0.0953125 0.1265625
16 0.3984375 0.44453125 0.09375 0.125
20 0.49296875 0.44453125 0.09375 0.1265625
24 0.58671875 0.44609375 0.09375 0.1265625
28 0.68125 0.44453125 0.09375 0.125
32 0.7765625 0.44453125 0.0953125 0.1265625
35 0.871875 0.446875 0.0953125 0.125
3 0.1078125 0.57890625 0.096875 0.1296875
7 0.20625 0.5765625 0.0953125 0.1265625
11 0.30390625 0.5734375 0.09375 0.1265625
15 0.39921875 0.571875 0.09375 0.128125
19 0.49296875 0.57265625 0.09375 0.1265625
23 0.5875 0.5734375 0.0953125 0.1265625
27 0.6828125 0.57109375 0.0953125 0.1265625
31 0.77890625 0.5734375 0.096875 0.1296875
34 0.87578125 0.5734375 0.0953125 0.1265625
6 0.39453125 0.70078125 0.0953125 0.1296875
10 0.68125 0.7 0.0984375 0.13125
14 0.49140625 0.70234375 0.09375 0.128125
18 0.58515625 0.7015625 0.090625 0.1296875
22 0.2015625 0.70625 0.0953125 0.1296875
26 0.1015625 0.71015625 0.1015625 0.1296875
30 0.3 0.70390625 0.0953125 0.1296875