36 0.1484375 0.24296875 0.0984375 0.096875
35 0.19453125 0.26484375 0.1 0.096875
16 0.24140625 0.2890625 0.1 0.0953125
3 0.28984375 0.31171875 0.1015625 0.1
30 0.340625 0.3375 0.1015625 0.1015625
34 0.39453125 0.36484375 0.103125 0.1046875
30 0.45 0.39453125 0.1046875 0.1078125
24 0.509375 0.425 0.1015625 0.10625
36 0.57109375 0.45234375 0.0984375 0.1078125
32 0.61640625 0.3875 0.121875 0.109375
11 0.63828125 0.4890625 0.1046875 0.1125
14 0.71015625 0.52265625 0.1140625 0.1171875
19 0.7828125 0.56015625 0.1265625 0.1265625
20 0.86015625 0.5984375 0.134375 0.1296875