3 0.23671875 0.2171875 0.0953125 0.0953125
3 0.2765625 0.2453125 0.0984375 0.0984375
31 0.3171875 0.271875 0.0984375 0.1015625
29 0.35859375 0.3 0.1015625 0.1015625
28 0.41796875 0.25625 0.1109375 0.103125
20 0.4 0.3328125 0.1015625 0.1046875
3 0.4484375 0.36484375 0.1 0.1046875
14 0.496875 0.39921875 0.0984375 0.1015625
32 0.5453125 0.434375 0.1015625 0.10625
36 0.5984375 0.46953125 0.1015625 0.10625
25 0.65546875 0.50859375 0.10625 0.109375
14 0.7171875 0.546875 0.115625 0.1171875
8 0.778125 0.58984375 0.1234375 0.121875
33 0.8453125 0.6328125 0.1296875 0.1296875