24 0.053125 0.41796875 0.10625 0.075
13 0.128125 0.41640625 0.10625 0.0734375
24 0.2046875 0.41171875 0.103125 0.0703125
31 0.28203125 0.4046875 0.09375 0.0703125
10 0.3578125 0.403125 0.090625 0.0734375
27 0.44140625 0.325 0.1109375 0.075
8 0.4328125 0.396875 0.08125 0.0640625
32 0.51171875 0.39140625 0.075 0.075
15 0.58515625 0.3875 0.0765625 0.071875
22 0.6578125 0.37578125 0.08125 0.071875
23 0.72890625 0.3734375 0.0875 0.071875
27 0.8 0.371875 0.096875 0.0703125
27 0.8734375 0.3703125 0.0953125 0.0703125
17 0.94609375 0.371875 0.10625 0.0703125