22 0.18046875 0.56484375 0.1078125 0.0984375
23 0.2453125 0.5359375 0.1 0.09375
23 0.30625 0.5078125 0.0921875 0.090625
17 0.36796875 0.47578125 0.0859375 0.0875
13 0.42265625 0.4515625 0.0828125 0.0859375
25 0.47734375 0.4234375 0.0796875 0.0828125
16 0.5296875 0.39765625 0.084375 0.0859375
21 0.58125 0.37421875 0.0859375 0.0875
10 0.63125 0.35 0.0875 0.0859375
30 0.68359375 0.3265625 0.090625 0.0859375
25 0.73046875 0.30546875 0.090625 0.0828125
31 0.77421875 0.284375 0.0859375 0.08125
30 0.8203125 0.2625 0.084375 0.0796875
18 0.8625 0.240625 0.0890625 0.084375