10 0.49453125 0.9359375 0.078125 0.109375
19 0.490625 0.85625 0.078125 0.0953125
22 0.48671875 0.77890625 0.0734375 0.09375
8 0.48125 0.703125 0.0765625 0.0828125
11 0.47890625 0.6296875 0.075 0.075
31 0.475 0.559375 0.0734375 0.0671875
7 0.471875 0.4875 0.071875 0.0703125
18 0.46796875 0.42109375 0.0703125 0.0734375
22 0.46484375 0.35390625 0.0703125 0.078125
16 0.4640625 0.28984375 0.0671875 0.078125
27 0.4578125 0.22578125 0.06875 0.08125
6 0.45390625 0.16640625 0.0703125 0.0859375
33 0.45390625 0.10703125 0.0671875 0.0828125
5 0.4484375 0.05 0.0640625 0.0796875