24 0.0578125 0.49765625 0.0984375 0.075
29 0.1296875 0.496875 0.0921875 0.075
23 0.19921875 0.49453125 0.09375 0.0796875
22 0.26875 0.4953125 0.0859375 0.0796875
31 0.340625 0.49765625 0.0828125 0.075
5 0.4125 0.4953125 0.0765625 0.0828125
18 0.4828125 0.4953125 0.075 0.078125
6 0.55625 0.4953125 0.0734375 0.078125
22 0.61484375 0.41953125 0.109375 0.0625
31 0.63046875 0.4953125 0.08125 0.078125
36 0.703125 0.496875 0.084375 0.0796875
31 0.7796875 0.50078125 0.090625 0.078125
18 0.85234375 0.5 0.09375 0.0828125
7 0.92578125 0.49765625 0.1015625 0.0828125