25 0.3796875 0.93046875 0.0828125 0.0796875
28 0.3859375 0.87265625 0.08125 0.0796875
30 0.390625 0.81328125 0.084375 0.0765625
35 0.396875 0.753125 0.084375 0.0765625
6 0.40546875 0.6921875 0.0875 0.078125
28 0.4140625 0.6265625 0.0875 0.075
9 0.421875 0.55859375 0.090625 0.071875
23 0.43046875 0.4875 0.09375 0.0734375
3 0.3515625 0.48125 0.084375 0.096875
16 0.44140625 0.41484375 0.090625 0.078125
13 0.45234375 0.334375 0.09375 0.090625
8 0.4578125 0.25390625 0.1 0.0953125
31 0.471875 0.16796875 0.1 0.10625
21 0.48046875 0.08125 0.1 0.1109375