26 0.08125 0.56875 0.103125 0.10625
23 0.13515625 0.55 0.103125 0.10625
20 0.1875 0.52734375 0.103125 0.10625
34 0.246875 0.5015625 0.1015625 0.1078125
28 0.303125 0.47890625 0.1046875 0.10625
10 0.36484375 0.45234375 0.1015625 0.1109375
7 0.42890625 0.42890625 0.10625 0.1171875
29 0.49375 0.40234375 0.109375 0.115625
35 0.5609375 0.3734375 0.1140625 0.11875
21 0.58203125 0.2640625 0.1390625 0.125
16 0.628125 0.3421875 0.125 0.1265625
4 0.70390625 0.3109375 0.1296875 0.1328125
15 0.78203125 0.28046875 0.1328125 0.1328125
6 0.85859375 0.24765625 0.140625 0.1421875