6 0.14140625 0.26875 0.1265625 0.109375
7 0.2125 0.30078125 0.1203125 0.103125
25 0.28046875 0.33359375 0.1125 0.0984375
19 0.34921875 0.3640625 0.10625 0.0953125
28 0.41796875 0.39453125 0.1015625 0.0984375
10 0.47890625 0.3484375 0.125 0.1015625
17 0.48359375 0.4234375 0.0953125 0.09375
9 0.55 0.45390625 0.0953125 0.09375
36 0.615625 0.490625 0.103125 0.0984375
34 0.68046875 0.51953125 0.10625 0.1
5 0.746875 0.5484375 0.1109375 0.1015625
7 0.809375 0.5765625 0.1140625 0.103125
13 0.86875 0.60625 0.115625 0.103125
6 0.93125 0.634375 0.121875 0.10625