16 0.878125 0.49140625 0.1296875 0.121875
4 0.7828125 0.51640625 0.1125 0.1140625
11 0.69453125 0.5375 0.1 0.1140625
9 0.6109375 0.5609375 0.0859375 0.10625
14 0.53984375 0.5765625 0.071875 0.1046875
10 0.46953125 0.59453125 0.065625 0.0984375
20 0.40546875 0.60859375 0.065625 0.096875
12 0.34921875 0.6234375 0.0625 0.09375
6 0.32109375 0.70234375 0.0859375 0.0828125
7 0.2953125 0.64140625 0.0625 0.09375
24 0.24609375 0.6515625 0.0609375 0.0859375
15 0.19921875 0.665625 0.0609375 0.0859375
12 0.15390625 0.6765625 0.059375 0.084375
3 0.1140625 0.68671875 0.0578125 0.0796875