30 0.0703125 0.384375 0.0921875 0.090625
27 0.12734375 0.39765625 0.0953125 0.090625
35 0.18671875 0.4125 0.0953125 0.0921875
12 0.2484375 0.42265625 0.09375 0.09375
28 0.31328125 0.4359375 0.0921875 0.096875
14 0.378125 0.45 0.09375 0.0984375
27 0.44375 0.46328125 0.0890625 0.0953125
7 0.48125 0.39375 0.11875 0.0875
24 0.51484375 0.47890625 0.090625 0.096875
13 0.590625 0.4953125 0.090625 0.1015625
11 0.665625 0.509375 0.096875 0.1046875
18 0.7453125 0.52265625 0.109375 0.109375
6 0.8296875 0.546875 0.11875 0.109375
22 0.915625 0.565625 0.125 0.1125