21 0.3765625 0.89296875 0.0828125 0.075
12 0.38515625 0.83671875 0.0859375 0.075
33 0.3953125 0.7765625 0.0859375 0.071875
8 0.403125 0.71875 0.0859375 0.071875
32 0.41328125 0.6546875 0.0859375 0.0703125
33 0.42265625 0.59140625 0.0859375 0.0703125
4 0.4296875 0.525 0.0875 0.0671875
25 0.43984375 0.45625 0.0875 0.071875
36 0.4515625 0.38515625 0.0859375 0.0828125
12 0.4578125 0.31171875 0.0921875 0.0859375
7 0.46953125 0.23984375 0.09375 0.09375
24 0.4796875 0.16328125 0.090625 0.096875
30 0.4890625 0.08515625 0.0953125 0.10625