25 0.8875 0.66015625 0.0796875 0.0703125
32 0.8375 0.6515625 0.078125 0.0671875
8 0.78359375 0.6453125 0.08125 0.0703125
34 0.728125 0.6375 0.078125 0.071875
28 0.671875 0.62890625 0.0765625 0.071875
29 0.6109375 0.6203125 0.0734375 0.0734375
35 0.55 0.61015625 0.0703125 0.075
19 0.553125 0.678125 0.096875 0.0703125
18 0.4859375 0.6015625 0.0703125 0.075
19 0.4171875 0.59609375 0.0703125 0.0828125
34 0.34296875 0.5828125 0.078125 0.0765625
36 0.271875 0.575 0.0875 0.078125
24 0.1921875 0.56640625 0.090625 0.078125
27 0.11171875 0.55625 0.10625 0.0859375