20 0.490625 0.0796875 0.0828125 0.1234375
24 0.51015625 0.175 0.0828125 0.1078125
30 0.52265625 0.26328125 0.0828125 0.103125
34 0.53984375 0.34296875 0.08125 0.0859375
27 0.55546875 0.4234375 0.0796875 0.0734375
20 0.571875 0.49609375 0.08125 0.071875
34 0.58515625 0.5625 0.08125 0.075
7 0.5984375 0.6265625 0.078125 0.0796875
14 0.6625 0.6359375 0.0640625 0.10625
8 0.60859375 0.6875 0.075 0.0796875
17 0.621875 0.746875 0.071875 0.078125
31 0.63359375 0.8 0.075 0.0765625
4 0.6453125 0.8515625 0.0703125 0.078125
35 0.653125 0.903125 0.0671875 0.0796875