23 0.90390625 0.6609375 0.0828125 0.0625
31 0.85078125 0.65625 0.084375 0.0671875
36 0.79609375 0.65234375 0.084375 0.0671875
16 0.7390625 0.64609375 0.08125 0.0703125
24 0.678125 0.640625 0.0796875 0.0703125
7 0.61796875 0.63515625 0.078125 0.075
19 0.60078125 0.6921875 0.1015625 0.0640625
14 0.553125 0.628125 0.078125 0.0703125
9 0.48828125 0.62109375 0.071875 0.071875
4 0.4171875 0.61640625 0.075 0.075
5 0.34375 0.6109375 0.078125 0.075
22 0.2671875 0.60625 0.0890625 0.078125
25 0.1875 0.59765625 0.0921875 0.078125
4 0.10546875 0.58984375 0.103125 0.0796875