34 0.06796875 0.5046875 0.128125 0.1078125
14 0.14765625 0.4828125 0.11875 0.103125
34 0.22734375 0.4609375 0.109375 0.1015625
16 0.30390625 0.44375 0.0953125 0.0984375
19 0.371875 0.42265625 0.0875 0.0921875
10 0.44375 0.4046875 0.0796875 0.0953125
26 0.50703125 0.3859375 0.078125 0.0921875
29 0.571875 0.3703125 0.0765625 0.0921875
29 0.63203125 0.35234375 0.0828125 0.090625
4 0.62578125 0.28203125 0.103125 0.0828125
27 0.6890625 0.33828125 0.0796875 0.0859375
24 0.74375 0.325 0.0796875 0.0828125
9 0.796875 0.3109375 0.0765625 0.0828125
9 0.8453125 0.2953125 0.078125 0.084375