5 0.86640625 0.5140625 0.1140625 0.1203125
35 0.7640625 0.52109375 0.1 0.1140625
14 0.671875 0.52578125 0.09375 0.109375
4 0.58671875 0.53125 0.0875 0.103125
17 0.5109375 0.5359375 0.08125 0.0984375
9 0.4421875 0.5390625 0.08125 0.0953125
3 0.37734375 0.5453125 0.0796875 0.0921875
5 0.315625 0.54765625 0.078125 0.0890625
35 0.29375 0.628125 0.0953125 0.0734375
34 0.26015625 0.55 0.0796875 0.0859375
21 0.209375 0.55390625 0.071875 0.0828125
11 0.159375 0.55625 0.0703125 0.0796875
24 0.1125 0.55859375 0.065625 0.0765625
21 0.0703125 0.559375 0.0671875 0.0734375