23 0.13828125 0.23359375 0.128125 0.1171875
31 0.2046875 0.271875 0.1296875 0.1171875
36 0.27578125 0.3109375 0.125 0.1125
16 0.34609375 0.35 0.1140625 0.10625
24 0.415625 0.38828125 0.10625 0.0984375
7 0.48359375 0.4265625 0.1 0.096875
19 0.5578125 0.39375 0.1265625 0.1109375
14 0.55234375 0.46015625 0.1046875 0.103125
9 0.61640625 0.496875 0.10625 0.103125
4 0.68203125 0.53125 0.1125 0.10625
5 0.74453125 0.565625 0.1140625 0.10625
22 0.8046875 0.5984375 0.1171875 0.1078125
25 0.8640625 0.63203125 0.11875 0.1078125
4 0.92265625 0.66484375 0.11875 0.10625