15 0.65546875 0.096875 0.0671875 0.090625
21 0.65703125 0.1609375 0.0625 0.0828125
13 0.66015625 0.2203125 0.0625 0.0828125
12 0.6625 0.2828125 0.0640625 0.0765625
12 0.6609375 0.34609375 0.0640625 0.0734375
15 0.6625 0.409375 0.0640625 0.0703125
16 0.66484375 0.46875 0.0625 0.0640625
9 0.6671875 0.53046875 0.0640625 0.0625
17 0.6703125 0.59140625 0.0640625 0.0640625
20 0.671875 0.65 0.0625 0.0703125
22 0.675 0.71015625 0.0625 0.071875
15 0.675 0.76875 0.0625 0.0703125
36 0.67734375 0.828125 0.0640625 0.0765625
28 0.68046875 0.88359375 0.0625 0.078125