32 0.065625 0.49296875 0.11875 0.0671875
16 0.1453125 0.48125 0.109375 0.065625
3 0.21796875 0.471875 0.103125 0.0671875
11 0.29375 0.459375 0.09375 0.0640625
36 0.36796875 0.45 0.0890625 0.0625
30 0.43984375 0.4390625 0.0796875 0.0625
29 0.515625 0.4375 0.078125 0.0640625
11 0.5734375 0.36640625 0.1140625 0.0625
14 0.5875 0.4265625 0.0859375 0.0625
22 0.659375 0.4125 0.0859375 0.06875
32 0.72890625 0.39765625 0.09375 0.071875
26 0.79921875 0.3875 0.0984375 0.0703125
22 0.86640625 0.38125 0.10625 0.0671875
14 0.934375 0.36875 0.109375 0.0671875