26 0.08671875 0.38359375 0.078125 0.0703125
24 0.1375 0.38828125 0.0765625 0.0703125
19 0.18984375 0.3890625 0.075 0.0703125
15 0.24296875 0.39296875 0.075 0.0671875
18 0.29609375 0.39453125 0.0703125 0.06875
20 0.35078125 0.40078125 0.0703125 0.0671875
13 0.4078125 0.4015625 0.0703125 0.0703125
35 0.4625 0.4046875 0.0671875 0.0734375
14 0.521875 0.40703125 0.0671875 0.071875
32 0.584375 0.41015625 0.065625 0.071875
35 0.64765625 0.41328125 0.0703125 0.0734375
25 0.71328125 0.4171875 0.0734375 0.075
22 0.78046875 0.42109375 0.0859375 0.075
34 0.85234375 0.425 0.090625 0.078125