5 0.059375 0.39609375 0.0890625 0.08125
20 0.1078125 0.3953125 0.0859375 0.078125
8 0.16171875 0.39375 0.0859375 0.0828125
13 0.215625 0.39140625 0.0875 0.084375
7 0.271875 0.39140625 0.0875 0.0859375
35 0.33125 0.390625 0.0890625 0.0875
26 0.39453125 0.3890625 0.084375 0.0875
34 0.459375 0.3859375 0.0828125 0.090625
4 0.52421875 0.38515625 0.0796875 0.0890625
33 0.5953125 0.38125 0.0859375 0.09375
12 0.6703125 0.3796875 0.0875 0.090625
4 0.74609375 0.37890625 0.1 0.0953125
19 0.82890625 0.37578125 0.10625 0.1015625
24 0.91015625 0.37578125 0.115625 0.1015625