14 0.0453125 0.41640625 0.090625 0.0703125
23 0.1046875 0.41640625 0.0953125 0.0703125
30 0.165625 0.415625 0.09375 0.0703125
5 0.23359375 0.41640625 0.0890625 0.0703125
20 0.2984375 0.41640625 0.084375 0.0703125
22 0.36640625 0.4171875 0.0828125 0.071875
9 0.434375 0.41640625 0.075 0.0703125
17 0.503125 0.41484375 0.0703125 0.0703125
16 0.57421875 0.415625 0.071875 0.0703125
4 0.64453125 0.415625 0.078125 0.0703125
15 0.7171875 0.4140625 0.084375 0.0703125
23 0.78828125 0.4125 0.0859375 0.0734375
18 0.8609375 0.4125 0.0921875 0.075
23 0.9328125 0.4125 0.0984375 0.075