33 0.14375 0.2484375 0.1125 0.090625
5 0.2078125 0.27734375 0.1109375 0.0921875
29 0.27265625 0.30234375 0.1046875 0.0890625
25 0.33671875 0.32578125 0.1015625 0.0859375
6 0.4015625 0.35234375 0.0984375 0.0859375
16 0.465625 0.378125 0.090625 0.0828125
36 0.5296875 0.4046875 0.0859375 0.0796875
13 0.5546875 0.34921875 0.1140625 0.0859375
23 0.5953125 0.4296875 0.0890625 0.084375
10 0.65625 0.4515625 0.0953125 0.0875
31 0.7203125 0.48125 0.0984375 0.0875
26 0.78359375 0.50625 0.1046875 0.0890625
8 0.8453125 0.53359375 0.103125 0.0890625
18 0.9078125 0.55859375 0.1140625 0.0921875