3 0.3765625 0.9375 0.0640625 0.09375
12 0.3796875 0.8765625 0.0671875 0.090625
10 0.37890625 0.8171875 0.0703125 0.090625
20 0.38203125 0.75703125 0.0671875 0.090625
13 0.38515625 0.69296875 0.071875 0.0859375
9 0.38984375 0.62890625 0.0765625 0.084375
16 0.3953125 0.5609375 0.0703125 0.0796875
33 0.33203125 0.5171875 0.0640625 0.109375
6 0.39921875 0.490625 0.0703125 0.075
30 0.4 0.41640625 0.071875 0.0796875
15 0.40234375 0.33828125 0.071875 0.0859375
12 0.40546875 0.259375 0.0765625 0.090625
3 0.4109375 0.17890625 0.075 0.0984375
26 0.41328125 0.09453125 0.08125 0.1109375