26 0.62890625 0.0953125 0.0828125 0.0734375
23 0.621875 0.1515625 0.08125 0.0734375
20 0.61796875 0.209375 0.078125 0.0765625
34 0.6140625 0.2734375 0.0859375 0.0703125
28 0.6078125 0.334375 0.08125 0.0765625
10 0.603125 0.40078125 0.090625 0.0671875
7 0.59609375 0.46953125 0.0953125 0.071875
29 0.58984375 0.53828125 0.090625 0.078125
35 0.5859375 0.61171875 0.09375 0.0796875
21 0.6734375 0.68046875 0.0828125 0.1140625
16 0.5828125 0.6859375 0.0953125 0.090625
4 0.5765625 0.7671875 0.1015625 0.09375
15 0.56875 0.85078125 0.1 0.096875
6 0.5625 0.934375 0.10625 0.1046875