20 0.4 0.92109375 0.0953125 0.109375
27 0.39375 0.84296875 0.0953125 0.1015625
28 0.3875 0.7640625 0.0984375 0.0984375
7 0.38203125 0.6859375 0.0953125 0.0875
23 0.38046875 0.60859375 0.09375 0.08125
35 0.37578125 0.534375 0.090625 0.075
32 0.36953125 0.4609375 0.09375 0.071875
22 0.3640625 0.38984375 0.09375 0.078125
33 0.36015625 0.3171875 0.09375 0.078125
29 0.35625 0.2484375 0.090625 0.0828125
34 0.27421875 0.26796875 0.075 0.109375
7 0.35625 0.17890625 0.0875 0.0859375
5 0.35234375 0.1109375 0.0875 0.0875
7 0.35234375 0.046875 0.0890625 0.090625