35 0.09453125 0.3078125 0.153125 0.1625
16 0.1984375 0.32421875 0.146875 0.15
36 0.30546875 0.34453125 0.1265625 0.1421875
4 0.3984375 0.3609375 0.11875 0.1328125
6 0.48046875 0.378125 0.1140625 0.125
31 0.5546875 0.39140625 0.109375 0.11875
17 0.62421875 0.40546875 0.1015625 0.1140625
5 0.68671875 0.4171875 0.0984375 0.1109375
33 0.74375 0.42734375 0.09375 0.1046875
26 0.79296875 0.4390625 0.0953125 0.103125
24 0.8453125 0.4484375 0.0859375 0.096875
7 0.8875 0.45546875 0.0828125 0.0953125
23 0.92734375 0.46484375 0.0859375 0.0921875
27 0.96171875 0.47421875 0.075 0.090625