6 0.3875 0.915625 0.0671875 0.0875
7 0.38984375 0.85859375 0.071875 0.0875
25 0.39609375 0.803125 0.0734375 0.0859375
19 0.39921875 0.74375 0.075 0.0875
28 0.403125 0.68046875 0.075 0.084375
17 0.4078125 0.61640625 0.078125 0.0859375
10 0.33125 0.6609375 0.06875 0.109375
9 0.4140625 0.54921875 0.078125 0.08125
36 0.425 0.48046875 0.075 0.071875
34 0.43125 0.403125 0.078125 0.078125
5 0.4359375 0.3234375 0.078125 0.0875
7 0.44375 0.24296875 0.0859375 0.0953125
13 0.45 0.15546875 0.0859375 0.10625
6 0.45546875 0.06484375 0.0875 0.1140625