29 0.2015625 0.73671875 0.2046875 0.2046875
11 0.28359375 0.64921875 0.1796875 0.184375
9 0.3640625 0.5703125 0.159375 0.165625
26 0.43203125 0.503125 0.1484375 0.15625
17 0.490625 0.44296875 0.1359375 0.14375
10 0.54140625 0.3875 0.1375 0.14375
12 0.5875 0.3375 0.1296875 0.1328125
15 0.63203125 0.2921875 0.1265625 0.13125
32 0.59921875 0.2078125 0.128125 0.128125
14 0.67109375 0.25390625 0.1171875 0.1234375
21 0.7046875 0.21640625 0.1140625 0.11875
14 0.740625 0.184375 0.109375 0.1140625
33 0.7671875 0.153125 0.103125 0.1078125
22 0.79453125 0.1234375 0.1015625 0.1046875