7 0.065625 0.44140625 0.08125 0.078125
21 0.125 0.44375 0.084375 0.08125
15 0.1859375 0.44609375 0.0828125 0.08125
14 0.2484375 0.446875 0.0828125 0.0828125
8 0.3109375 0.45 0.08125 0.0859375
32 0.3765625 0.4515625 0.078125 0.0859375
23 0.44765625 0.45546875 0.075 0.0859375
25 0.4359375 0.3765625 0.10625 0.075
5 0.51796875 0.4578125 0.0734375 0.0875
36 0.590625 0.46171875 0.078125 0.0890625
36 0.66640625 0.4640625 0.08125 0.090625
8 0.746875 0.4640625 0.0921875 0.0921875
17 0.82890625 0.46953125 0.0953125 0.0921875
25 0.91171875 0.471875 0.103125 0.0953125