11 0.0875 0.2875 0.109375 0.1140625
21 0.15078125 0.3109375 0.1125 0.1109375
14 0.225 0.3296875 0.10625 0.109375
9 0.2921875 0.3546875 0.1046875 0.1109375
12 0.35859375 0.3765625 0.0984375 0.10625
32 0.42734375 0.4015625 0.096875 0.10625
19 0.49375 0.4234375 0.09375 0.1015625
16 0.5609375 0.45 0.09375 0.1015625
12 0.6265625 0.46796875 0.1046875 0.109375
36 0.6984375 0.40625 0.121875 0.1
6 0.6953125 0.48984375 0.10625 0.109375
13 0.7609375 0.51875 0.1078125 0.10625
13 0.828125 0.54375 0.1078125 0.109375
5 0.890625 0.57109375 0.109375 0.1078125