25 0.553125 0.0828125 0.0625 0.0984375
32 0.55546875 0.15390625 0.0625 0.09375
8 0.5578125 0.221875 0.0625 0.090625
34 0.5609375 0.29375 0.0640625 0.0828125
28 0.559375 0.3609375 0.0625 0.078125
29 0.5625 0.42890625 0.0609375 0.071875
19 0.62421875 0.50859375 0.05625 0.1
35 0.5609375 0.49921875 0.0578125 0.0703125
18 0.5671875 0.56953125 0.065625 0.0734375
19 0.5703125 0.63671875 0.0640625 0.078125
34 0.571875 0.70546875 0.0671875 0.08125
36 0.57265625 0.771875 0.0640625 0.0859375
24 0.5765625 0.83671875 0.0640625 0.0859375
27 0.5765625 0.90390625 0.0640625 0.090625