5 0.10390625 0.72734375 0.11875 0.1171875
35 0.15390625 0.690625 0.121875 0.121875
14 0.20234375 0.6546875 0.11875 0.11875
4 0.253125 0.615625 0.121875 0.121875
17 0.30390625 0.575 0.121875 0.121875
9 0.35859375 0.53203125 0.121875 0.121875
3 0.41328125 0.49140625 0.11875 0.11875
5 0.4734375 0.446875 0.115625 0.1171875
35 0.42109375 0.38203125 0.134375 0.128125
34 0.53125 0.4015625 0.115625 0.11875
21 0.59453125 0.3546875 0.125 0.1265625
11 0.65703125 0.30625 0.13125 0.13125
24 0.7234375 0.25625 0.1328125 0.1328125
21 0.79140625 0.20703125 0.1421875 0.140625