3 0.3859375 0.86953125 0.0703125 0.0703125
3 0.39140625 0.82109375 0.0734375 0.0703125
31 0.39375 0.77265625 0.075 0.0703125
29 0.39765625 0.72265625 0.078125 0.071875
28 0.3296875 0.69375 0.0671875 0.090625
20 0.4046875 0.67109375 0.0796875 0.071875
3 0.409375 0.6125 0.0796875 0.0703125
14 0.4140625 0.55390625 0.078125 0.0703125
32 0.4203125 0.49375 0.08125 0.0703125
36 0.425 0.43046875 0.0828125 0.0703125
25 0.42890625 0.36171875 0.0859375 0.0734375
14 0.43125 0.2890625 0.0875 0.0828125
8 0.43828125 0.2140625 0.0875 0.090625
33 0.4421875 0.134375 0.09375 0.0953125