26 0.04453125 0.47734375 0.0890625 0.0984375
23 0.11171875 0.475 0.103125 0.09375
20 0.18828125 0.46953125 0.1 0.0984375
34 0.2640625 0.4640625 0.09375 0.0984375
28 0.3390625 0.46015625 0.0921875 0.096875
10 0.415625 0.45625 0.0859375 0.09375
7 0.49296875 0.45078125 0.0828125 0.09375
29 0.5671875 0.44609375 0.084375 0.09375
35 0.6453125 0.4390625 0.0859375 0.09375
21 0.70625 0.3421875 0.11875 0.084375
16 0.7203125 0.43203125 0.0921875 0.0984375
4 0.79609375 0.42890625 0.0984375 0.096875
15 0.87109375 0.42109375 0.10625 0.0953125
6 0.946875 0.41953125 0.103125 0.096875