10 0.06328125 0.36015625 0.078125 0.0796875
33 0.12109375 0.36640625 0.078125 0.078125
9 0.1828125 0.37109375 0.0796875 0.0828125
29 0.24375 0.37421875 0.0734375 0.0828125
28 0.30546875 0.3796875 0.071875 0.0859375
7 0.36875 0.3859375 0.0734375 0.0859375
27 0.4328125 0.39375 0.071875 0.084375
5 0.4609375 0.3234375 0.09375 0.071875
21 0.50234375 0.4 0.0671875 0.0796875
10 0.56953125 0.40390625 0.0765625 0.0859375
19 0.640625 0.4109375 0.0828125 0.0859375
20 0.715625 0.41640625 0.0859375 0.0875
13 0.78984375 0.42265625 0.0921875 0.0859375
8 0.8703125 0.4296875 0.103125 0.090625