20 0.47578125 0.08046875 0.0875 0.1265625
24 0.49921875 0.175 0.0875 0.1109375
30 0.51484375 0.2625 0.0859375 0.10625
34 0.534375 0.3421875 0.084375 0.0875
27 0.553125 0.421875 0.0828125 0.0765625
20 0.571875 0.49375 0.084375 0.075
34 0.5875 0.56015625 0.084375 0.078125
7 0.60234375 0.6234375 0.0828125 0.0828125
14 0.6671875 0.63046875 0.06875 0.109375
8 0.61484375 0.684375 0.078125 0.0828125
17 0.63046875 0.7421875 0.075 0.0828125
31 0.64375 0.7953125 0.078125 0.0796875
4 0.65703125 0.846875 0.075 0.0796875
35 0.6671875 0.89765625 0.0703125 0.08125