18 0.05703125 0.45234375 0.103125 0.09375
21 0.13515625 0.453125 0.0984375 0.090625
5 0.209375 0.453125 0.0953125 0.090625
6 0.28671875 0.4515625 0.090625 0.0875
23 0.3609375 0.45 0.0859375 0.0921875
30 0.4359375 0.45 0.078125 0.0890625
22 0.509375 0.45 0.0828125 0.0875
30 0.5828125 0.44921875 0.078125 0.090625
11 0.65546875 0.44765625 0.078125 0.0875
17 0.7265625 0.4484375 0.084375 0.0875
8 0.75859375 0.3671875 0.1140625 0.0765625
27 0.79765625 0.44765625 0.0859375 0.0859375
11 0.86640625 0.44453125 0.0859375 0.0875
3 0.9328125 0.44453125 0.0984375 0.0875