28 0.9359375 0.621875 0.090625 0.0859375
32 0.8640625 0.62109375 0.0875 0.0859375
6 0.79375 0.62109375 0.0875 0.084375
7 0.7234375 0.62109375 0.0828125 0.084375
32 0.65234375 0.61875 0.078125 0.0875
18 0.58046875 0.61875 0.071875 0.0828125
8 0.51171875 0.6171875 0.0671875 0.084375
6 0.44296875 0.615625 0.071875 0.0796875
11 0.3796875 0.615625 0.0703125 0.0796875
12 0.31171875 0.61484375 0.078125 0.0828125
11 0.246875 0.615625 0.0796875 0.0796875
31 0.18203125 0.615625 0.08125 0.0796875
5 0.11640625 0.6125 0.0859375 0.0765625
36 0.05234375 0.6109375 0.0859375 0.0796875