26 0.41796875 0.9546875 0.0875 0.0875
25 0.42265625 0.890625 0.0828125 0.0875
9 0.425 0.81953125 0.084375 0.0859375
13 0.4265625 0.746875 0.0859375 0.084375
5 0.43125 0.6734375 0.0859375 0.08125
4 0.4359375 0.60234375 0.0859375 0.0765625
22 0.43828125 0.528125 0.0859375 0.075
18 0.44453125 0.45625 0.084375 0.0765625
16 0.44765625 0.3828125 0.0875 0.0796875
5 0.37265625 0.3265625 0.075 0.1140625
33 0.4484375 0.3078125 0.0828125 0.0859375
3 0.45625 0.23515625 0.0875 0.0953125
22 0.46015625 0.1578125 0.0875 0.0953125
23 0.4671875 0.0828125 0.0859375 0.1015625