17 0.07734375 0.534375 0.1484375 0.1453125
15 0.19140625 0.50859375 0.1265625 0.134375
10 0.296875 0.4859375 0.1078125 0.1265625
31 0.3875 0.4640625 0.0875 0.121875
4 0.471875 0.44453125 0.0765625 0.1125
12 0.54375 0.42734375 0.075 0.109375
3 0.60859375 0.409375 0.075 0.10625
30 0.6375 0.315625 0.10625 0.0875
30 0.66875 0.39375 0.0734375 0.1015625
6 0.7234375 0.38203125 0.0703125 0.0984375
19 0.7734375 0.36875 0.0640625 0.090625
21 0.81875 0.35625 0.0640625 0.090625
13 0.8609375 0.34765625 0.0625 0.0859375
24 0.90078125 0.3375 0.059375 0.0828125