24 0.20625 0.421875 0.090625 0.1015625
29 0.2921875 0.41875 0.084375 0.09375
23 0.3703125 0.41796875 0.0828125 0.090625
22 0.4421875 0.4171875 0.0796875 0.0875
31 0.509375 0.41640625 0.078125 0.0859375
5 0.5734375 0.41484375 0.075 0.078125
18 0.63203125 0.41328125 0.0765625 0.0765625
6 0.6875 0.4109375 0.0765625 0.078125
22 0.74140625 0.33671875 0.090625 0.0625
31 0.73828125 0.409375 0.075 0.075
36 0.78984375 0.40859375 0.0734375 0.071875
31 0.83671875 0.40859375 0.0671875 0.0734375
18 0.88046875 0.41015625 0.071875 0.06875
7 0.91875 0.40546875 0.0671875 0.0703125