25 0.0546875 0.5265625 0.1015625 0.103125
28 0.1109375 0.5140625 0.1015625 0.103125
30 0.16796875 0.4984375 0.1 0.1046875
35 0.22734375 0.48515625 0.1 0.1046875
6 0.28828125 0.4734375 0.1015625 0.109375
28 0.35234375 0.46015625 0.1 0.1078125
9 0.41875 0.44609375 0.0984375 0.109375
23 0.4890625 0.43046875 0.1 0.1109375
3 0.46953125 0.353125 0.11875 0.1109375
16 0.56171875 0.4171875 0.1015625 0.1109375
13 0.64140625 0.40078125 0.115625 0.11875
8 0.71953125 0.38125 0.1234375 0.125
31 0.80546875 0.365625 0.1328125 0.1296875
21 0.88984375 0.3453125 0.1375 0.13125