23 0.28046875 0.125 0.1046875 0.1015625
31 0.3203125 0.16171875 0.1078125 0.1046875
36 0.3609375 0.19765625 0.1078125 0.1046875
16 0.4015625 0.2375 0.10625 0.1046875
24 0.44609375 0.2796875 0.10625 0.1046875
7 0.49140625 0.32109375 0.1078125 0.10625
19 0.53984375 0.2875 0.1203125 0.1140625
14 0.53671875 0.36640625 0.1046875 0.103125
9 0.584375 0.4125 0.1015625 0.1015625
4 0.6375 0.459375 0.1046875 0.1046875
5 0.69140625 0.50859375 0.1078125 0.1078125
22 0.74921875 0.56015625 0.1171875 0.1171875
25 0.80625 0.615625 0.1203125 0.11875
4 0.86640625 0.671875 0.13125 0.1265625