9 0.04765625 0.42890625 0.0953125 0.090625
22 0.103125 0.42734375 0.090625 0.090625
31 0.15859375 0.42890625 0.090625 0.0921875
29 0.21640625 0.42734375 0.096875 0.09375
20 0.27734375 0.42734375 0.1 0.09375
24 0.3484375 0.42421875 0.09375 0.096875
7 0.41328125 0.421875 0.0953125 0.1
26 0.4859375 0.4203125 0.09375 0.1
19 0.53515625 0.33828125 0.1171875 0.09375
22 0.56328125 0.415625 0.0875 0.1046875
27 0.64140625 0.4171875 0.0953125 0.1046875
30 0.725 0.415625 0.109375 0.109375
17 0.8140625 0.41484375 0.1171875 0.109375
24 0.90546875 0.4109375 0.13125 0.115625