28 0.1046875 0.29375 0.071875 0.0703125
32 0.1578125 0.3015625 0.0734375 0.0703125
6 0.20703125 0.30703125 0.071875 0.0703125
7 0.26015625 0.31328125 0.071875 0.071875
32 0.3140625 0.325 0.0703125 0.0703125
18 0.36796875 0.33125 0.0671875 0.071875
8 0.4265625 0.33984375 0.0625 0.075
6 0.48359375 0.34921875 0.0609375 0.075
11 0.54609375 0.3578125 0.0671875 0.0734375
12 0.60859375 0.36875 0.06875 0.0703125
11 0.6734375 0.3734375 0.071875 0.075
31 0.73984375 0.38515625 0.08125 0.0734375
5 0.80703125 0.3953125 0.0875 0.071875
36 0.87578125 0.4078125 0.09375 0.075