28 0.053125 0.52734375 0.10625 0.1109375
32 0.11640625 0.5046875 0.1109375 0.109375
6 0.18359375 0.48125 0.109375 0.1078125
7 0.25 0.45859375 0.10625 0.10625
32 0.31796875 0.4375 0.1015625 0.1078125
18 0.3859375 0.41328125 0.09375 0.1015625
8 0.4515625 0.39296875 0.090625 0.1015625
6 0.51640625 0.37265625 0.09375 0.0984375
11 0.57734375 0.35234375 0.09375 0.0984375
12 0.640625 0.33046875 0.1015625 0.1046875
11 0.70234375 0.3078125 0.1015625 0.1015625
31 0.76328125 0.2875 0.103125 0.103125
5 0.8265625 0.26953125 0.10625 0.1
36 0.8875 0.24921875 0.10625 0.103125