6 0.071875 0.53359375 0.14375 0.1359375
7 0.18828125 0.5046875 0.1296875 0.134375
25 0.2984375 0.48515625 0.109375 0.125
19 0.39765625 0.46328125 0.0953125 0.11875
28 0.4828125 0.44375 0.0890625 0.1140625
17 0.55859375 0.42734375 0.0875 0.109375
10 0.5359375 0.3359375 0.121875 0.0953125
9 0.62734375 0.41171875 0.0875 0.1015625
36 0.69765625 0.403125 0.0875 0.0984375
34 0.7546875 0.38828125 0.0828125 0.096875
5 0.8078125 0.3765625 0.0828125 0.090625
7 0.85390625 0.36796875 0.0734375 0.0859375
13 0.89765625 0.36015625 0.078125 0.0828125
6 0.9359375 0.35 0.075 0.08125