18 0.61953125 0.0875 0.08125 0.0859375
21 0.61796875 0.146875 0.0828125 0.084375
5 0.61484375 0.2078125 0.0859375 0.0828125
6 0.6109375 0.27265625 0.0828125 0.0828125
23 0.6078125 0.3375 0.0859375 0.0765625
30 0.6046875 0.403125 0.0859375 0.0765625
22 0.603125 0.46953125 0.0859375 0.075
30 0.6 0.5390625 0.0875 0.071875
11 0.596875 0.61015625 0.0859375 0.078125
17 0.5921875 0.68125 0.0859375 0.0828125
8 0.66875 0.7078125 0.0734375 0.1109375
27 0.5921875 0.75078125 0.090625 0.0828125
11 0.5875 0.825 0.090625 0.090625
3 0.584375 0.90078125 0.090625 0.09375