29 0.11484375 0.3984375 0.0640625 0.0828125
11 0.16328125 0.40703125 0.0609375 0.084375
9 0.215625 0.4171875 0.0640625 0.0859375
26 0.2703125 0.4265625 0.065625 0.090625
17 0.32734375 0.43671875 0.0640625 0.0890625
10 0.3890625 0.45 0.0671875 0.090625
12 0.4515625 0.4609375 0.0671875 0.090625
15 0.515625 0.4734375 0.0703125 0.09375
32 0.5203125 0.3921875 0.0984375 0.078125
14 0.58828125 0.484375 0.0796875 0.1
21 0.66171875 0.5 0.0890625 0.1
14 0.74140625 0.51328125 0.0984375 0.1046875
33 0.821875 0.53203125 0.103125 0.1015625
22 0.9109375 0.54609375 0.1140625 0.1078125