33 0.84296875 0.5265625 0.109375 0.1015625
21 0.75234375 0.534375 0.096875 0.1015625
32 0.66484375 0.5421875 0.0828125 0.0953125
26 0.58515625 0.54609375 0.078125 0.090625
32 0.5125 0.553125 0.0765625 0.0921875
10 0.44453125 0.55703125 0.0796875 0.090625
36 0.3828125 0.5640625 0.078125 0.0875
34 0.3234375 0.56953125 0.078125 0.0828125
29 0.2859375 0.64921875 0.1109375 0.0671875
29 0.2640625 0.571875 0.0796875 0.08125
28 0.209375 0.5734375 0.0765625 0.078125
26 0.15703125 0.5765625 0.0703125 0.078125
4 0.10859375 0.58046875 0.071875 0.075
19 0.06328125 0.584375 0.0703125 0.0765625