23 0.09609375 0.3390625 0.0828125 0.0625
31 0.14921875 0.34375 0.084375 0.0671875
36 0.20390625 0.34765625 0.084375 0.0671875
16 0.2609375 0.35390625 0.08125 0.0703125
24 0.321875 0.359375 0.078125 0.0703125
7 0.38203125 0.36484375 0.078125 0.075
19 0.39921875 0.3078125 0.1015625 0.0640625
14 0.446875 0.371875 0.078125 0.0703125
9 0.51171875 0.37890625 0.071875 0.071875
4 0.5828125 0.38359375 0.075 0.075
5 0.65625 0.3890625 0.078125 0.075
22 0.7328125 0.39375 0.0890625 0.078125
25 0.8125 0.40234375 0.0921875 0.078125
4 0.89453125 0.41015625 0.103125 0.0796875