11 0.16875 0.73125 0.15625 0.134375
32 0.2390625 0.66875 0.140625 0.1296875
12 0.30625 0.60625 0.128125 0.128125
28 0.36875 0.55078125 0.1125 0.115625
25 0.42890625 0.4984375 0.1 0.1109375
34 0.48125 0.44765625 0.090625 0.109375
6 0.53203125 0.4015625 0.090625 0.109375
4 0.5265625 0.32265625 0.115625 0.1203125
3 0.5796875 0.35546875 0.09375 0.109375
33 0.6234375 0.3140625 0.09375 0.10625
16 0.6671875 0.27421875 0.090625 0.10625
21 0.7078125 0.23828125 0.0890625 0.1015625
31 0.74375 0.203125 0.0875 0.1
18 0.7796875 0.16796875 0.090625 0.1015625