30 0.54765625 0.8265625 0.153125 0.1265625
27 0.528125 0.71875 0.140625 0.109375
35 0.509375 0.61953125 0.1265625 0.0875
12 0.49140625 0.540625 0.121875 0.0765625
28 0.47578125 0.46953125 0.1109375 0.075
14 0.4640625 0.4046875 0.1078125 0.0703125
27 0.4515625 0.3484375 0.1 0.0671875
7 0.3625 0.3109375 0.0796875 0.0859375
24 0.440625 0.296875 0.0984375 0.0640625
13 0.43046875 0.25 0.0921875 0.0609375
11 0.4234375 0.2078125 0.0890625 0.05625
18 0.41484375 0.1671875 0.084375 0.05625
6 0.40859375 0.13359375 0.08125 0.053125
22 0.403125 0.09765625 0.0765625 0.0515625