16 0.64453125 0.1125 0.078125 0.0671875
4 0.63984375 0.16640625 0.08125 0.0703125
11 0.634375 0.2203125 0.08125 0.0703125
9 0.63046875 0.275 0.0828125 0.0703125
14 0.62421875 0.334375 0.0859375 0.0671875
10 0.61875 0.39609375 0.0859375 0.0671875
20 0.61171875 0.4578125 0.0828125 0.0640625
12 0.60703125 0.52421875 0.0859375 0.0703125
6 0.6828125 0.5328125 0.0703125 0.0984375
7 0.603125 0.59296875 0.090625 0.075
24 0.596875 0.66640625 0.09375 0.0796875
15 0.59296875 0.740625 0.0953125 0.0875
12 0.584375 0.81640625 0.096875 0.0921875
3 0.57890625 0.89765625 0.1015625 0.1