20 0.06328125 0.684375 0.1171875 0.1171875
24 0.1140625 0.64609375 0.1140625 0.1140625
30 0.16171875 0.61015625 0.1140625 0.1140625
34 0.2125 0.57265625 0.1125 0.1125
27 0.2640625 0.53203125 0.1109375 0.109375
20 0.31640625 0.49375 0.1078125 0.1078125
34 0.3703125 0.45078125 0.10625 0.10625
7 0.428125 0.4046875 0.1078125 0.1078125
14 0.3703125 0.36015625 0.125 0.125
8 0.4859375 0.3578125 0.1140625 0.1140625
17 0.5453125 0.31171875 0.1203125 0.1203125
31 0.60859375 0.26640625 0.121875 0.121875
4 0.6703125 0.21796875 0.1296875 0.1296875
35 0.73359375 0.165625 0.1375 0.1375