31 0.0953125 0.60546875 0.15625 0.1546875
17 0.19609375 0.571875 0.1375 0.1421875
8 0.290625 0.53984375 0.1265625 0.1390625
17 0.3765625 0.5109375 0.109375 0.1328125
15 0.4609375 0.4859375 0.1015625 0.121875
18 0.534375 0.46171875 0.0984375 0.11875
11 0.60234375 0.4375 0.0953125 0.1140625
27 0.653125 0.33046875 0.10625 0.1046875
35 0.66640625 0.4125 0.09375 0.1140625
26 0.725 0.396875 0.09375 0.109375
20 0.78046875 0.37734375 0.0859375 0.1046875
4 0.83203125 0.36015625 0.084375 0.1
21 0.87734375 0.34453125 0.0859375 0.0984375
27 0.92109375 0.32890625 0.0796875 0.09375