23 0.08203125 0.33671875 0.121875 0.0984375
31 0.1546875 0.35625 0.125 0.0984375
36 0.23515625 0.37578125 0.11875 0.09375
16 0.31328125 0.3953125 0.109375 0.090625
24 0.38984375 0.41328125 0.1 0.0859375
7 0.46484375 0.4328125 0.0921875 0.0859375
19 0.528125 0.3828125 0.125 0.090625
14 0.540625 0.4484375 0.0953125 0.090625
9 0.61171875 0.465625 0.0984375 0.090625
4 0.684375 0.48359375 0.1046875 0.090625
5 0.753125 0.49921875 0.1078125 0.090625
22 0.81953125 0.51640625 0.109375 0.090625
25 0.8859375 0.53359375 0.1125 0.090625
4 0.94609375 0.54921875 0.10625 0.090625