25 0.0828125 0.446875 0.0984375 0.0625
32 0.15390625 0.44453125 0.09375 0.0625
8 0.221875 0.4421875 0.090625 0.0640625
34 0.29375 0.4390625 0.0828125 0.0640625
28 0.3609375 0.440625 0.078125 0.0625
29 0.42890625 0.4375 0.071875 0.0609375
19 0.50859375 0.37578125 0.1 0.05625
35 0.49921875 0.4390625 0.0703125 0.0578125
18 0.56953125 0.4328125 0.0734375 0.065625
19 0.63671875 0.4296875 0.078125 0.0640625
34 0.70546875 0.428125 0.08125 0.0671875
36 0.771875 0.42734375 0.0859375 0.0625
24 0.83671875 0.4234375 0.0859375 0.0640625
27 0.90390625 0.4234375 0.090625 0.0625