20 0.7796875 0.7375 0.246875 0.196875
6 0.91015625 0.378125 0.178125 0.134375
25 0.77421875 0.20390625 0.1453125 0.0640625
26 0.7390625 0.30546875 0.16875 0.0953125
13 0.7265625 0.3984375 0.1921875 0.1296875
5 0.58671875 0.47421875 0.171875 0.096875
7 0.4078125 0.5171875 0.1796875 0.1265625
21 0.34609375 0.4046875 0.1796875 0.1296875
10 0.365625 0.29765625 0.1578125 0.103125
33 0.334375 0.23671875 0.1453125 0.090625
13 0.18046875 0.50703125 0.178125 0.14375
21 0.1234375 0.39921875 0.1609375 0.1265625