17 0.06796875 0.4109375 0.0828125 0.0890625
15 0.12265625 0.4125 0.0796875 0.0890625
10 0.184375 0.41328125 0.0828125 0.090625
31 0.246875 0.41328125 0.0859375 0.09375
4 0.31328125 0.41328125 0.08125 0.0890625
12 0.3796875 0.41328125 0.078125 0.09375
3 0.4484375 0.4140625 0.08125 0.0953125
30 0.46015625 0.33125 0.10625 0.0875
30 0.521875 0.4140625 0.0765625 0.0953125
6 0.596875 0.415625 0.0859375 0.096875
19 0.67734375 0.4109375 0.0953125 0.1015625
21 0.75703125 0.4125 0.1 0.103125
13 0.83984375 0.4125 0.1109375 0.109375
24 0.928125 0.41328125 0.115625 0.1078125