17 0.078125 0.621875 0.125 0.11875
15 0.1484375 0.59296875 0.11875 0.1171875
10 0.2203125 0.56171875 0.115625 0.115625
31 0.290625 0.52890625 0.1140625 0.1140625
4 0.35859375 0.4984375 0.10625 0.109375
12 0.428125 0.46875 0.1015625 0.1078125
3 0.49375 0.43984375 0.0984375 0.1046875
30 0.4859375 0.3546875 0.1234375 0.1046875
30 0.5578125 0.409375 0.103125 0.109375
6 0.6203125 0.38359375 0.1015625 0.10625
19 0.68125 0.35546875 0.1046875 0.10625
21 0.7421875 0.32734375 0.103125 0.10625
13 0.8 0.30234375 0.10625 0.10625
24 0.85703125 0.2765625 0.10625 0.10625