36 0.0640625 0.45625 0.128125 0.1140625
35 0.1625 0.44453125 0.115625 0.10625
16 0.25390625 0.42890625 0.1015625 0.10625
3 0.34296875 0.4203125 0.0921875 0.0984375
30 0.4265625 0.4109375 0.08125 0.09375
34 0.5046875 0.40234375 0.075 0.0953125
30 0.571875 0.3921875 0.0796875 0.09375
24 0.6390625 0.38203125 0.0796875 0.090625
36 0.7 0.37578125 0.08125 0.0859375
32 0.734375 0.29375 0.1078125 0.071875
11 0.7609375 0.36875 0.08125 0.0859375
14 0.81484375 0.36015625 0.0796875 0.08125
19 0.86640625 0.3546875 0.0765625 0.0828125
20 0.9140625 0.3484375 0.075 0.078125