24 0.12421875 0.609375 0.103125 0.10625
29 0.1703125 0.584375 0.103125 0.10625
23 0.2171875 0.559375 0.10625 0.1078125
22 0.26484375 0.5328125 0.10625 0.109375
31 0.31796875 0.50546875 0.10625 0.1109375
5 0.3703125 0.475 0.10625 0.1109375
18 0.42421875 0.4453125 0.10625 0.1109375
6 0.484375 0.41484375 0.109375 0.1140625
22 0.48671875 0.315625 0.128125 0.1203125
31 0.54375 0.38125 0.1140625 0.11875
36 0.6109375 0.3453125 0.11875 0.1234375
31 0.68125 0.309375 0.128125 0.1296875
18 0.75234375 0.27109375 0.1359375 0.1375
7 0.8296875 0.2296875 0.14375 0.14375