32 0.0734375 0.40703125 0.146875 0.1171875
16 0.1671875 0.415625 0.1359375 0.109375
3 0.26171875 0.4203125 0.11875 0.10625
11 0.3484375 0.42578125 0.1109375 0.10625
36 0.434375 0.43046875 0.096875 0.1
30 0.5125 0.4359375 0.0953125 0.1015625
29 0.5875 0.44921875 0.096875 0.0984375
14 0.65546875 0.44921875 0.1015625 0.1
11 0.67265625 0.384375 0.1296875 0.1
22 0.7203125 0.4546875 0.1015625 0.0953125
32 0.78671875 0.4546875 0.0984375 0.0953125
26 0.84375 0.45703125 0.1015625 0.0921875
22 0.9 0.46328125 0.103125 0.09375
14 0.95 0.4640625 0.0984375 0.0953125