16 0.90625 0.5640625 0.1 0.090625
4 0.825 0.5671875 0.0953125 0.0875
11 0.746875 0.56796875 0.090625 0.0875
9 0.66875 0.5703125 0.0859375 0.0875
14 0.5921875 0.571875 0.078125 0.0859375
10 0.51875 0.575 0.0765625 0.084375
20 0.44609375 0.575 0.0765625 0.0859375
12 0.37578125 0.5765625 0.078125 0.08125
6 0.3484375 0.653125 0.1078125 0.0703125
7 0.3078125 0.58359375 0.0828125 0.0859375
24 0.2390625 0.584375 0.0828125 0.0859375
15 0.1734375 0.58671875 0.084375 0.0828125
12 0.1109375 0.58671875 0.0859375 0.08125
3 0.0484375 0.5890625 0.0859375 0.078125