5 0.15625 0.3734375 0.1453125 0.15
35 0.25625 0.39921875 0.1296875 0.1390625
14 0.34453125 0.42265625 0.1234375 0.13125
4 0.4265625 0.44375 0.115625 0.1265625
17 0.50078125 0.4625 0.1078125 0.11875
9 0.56796875 0.48125 0.10625 0.1171875
3 0.63125 0.4953125 0.103125 0.1109375
5 0.68984375 0.51171875 0.103125 0.109375
35 0.7359375 0.44140625 0.1140625 0.1
34 0.74375 0.5265625 0.103125 0.1078125
21 0.79375 0.53984375 0.09375 0.1015625
11 0.8421875 0.55234375 0.0921875 0.096875
24 0.88671875 0.5640625 0.0859375 0.09375
21 0.9265625 0.57734375 0.0859375 0.090625