6 0.09296875 0.6265625 0.125 0.103125
7 0.16328125 0.5921875 0.11875 0.0984375
25 0.23125 0.56171875 0.1109375 0.09375
19 0.2984375 0.528125 0.10625 0.0921875
28 0.36640625 0.4953125 0.1 0.0953125
10 0.3703125 0.41796875 0.1234375 0.0953125
17 0.43046875 0.4640625 0.09375 0.090625
9 0.49609375 0.43125 0.09375 0.090625
36 0.56640625 0.4046875 0.1015625 0.0953125
34 0.63125 0.375 0.1046875 0.0953125
5 0.6953125 0.3421875 0.109375 0.096875
7 0.75703125 0.3125 0.1140625 0.1
13 0.81953125 0.2859375 0.1140625 0.0984375
6 0.8796875 0.25625 0.121875 0.103125