7 0.1859375 0.60078125 0.1609375 0.165625
21 0.2765625 0.54296875 0.1453125 0.15
15 0.35625 0.49453125 0.1375 0.1421875
14 0.42578125 0.4515625 0.1328125 0.1375
8 0.48984375 0.41015625 0.1265625 0.1296875
32 0.5484375 0.37421875 0.1265625 0.1296875
25 0.5828125 0.25703125 0.1203125 0.1171875
23 0.603125 0.3421875 0.121875 0.121875
5 0.6546875 0.30859375 0.115625 0.1171875
36 0.7 0.28125 0.10625 0.1078125
36 0.74140625 0.25625 0.10625 0.1078125
8 0.7796875 0.23125 0.1015625 0.103125
17 0.815625 0.20859375 0.1 0.1015625
25 0.8484375 0.18828125 0.0984375 0.1