26 0.9546875 0.5828125 0.0875 0.0875
25 0.890625 0.57734375 0.0875 0.0828125
9 0.81953125 0.575 0.0859375 0.084375
13 0.746875 0.5734375 0.084375 0.0859375
5 0.6734375 0.56875 0.08125 0.0859375
4 0.60234375 0.5640625 0.0765625 0.0859375
22 0.528125 0.56171875 0.075 0.0859375
18 0.45625 0.55546875 0.0765625 0.084375
16 0.3828125 0.55234375 0.0796875 0.0875
5 0.3265625 0.62734375 0.1140625 0.075
33 0.3078125 0.5515625 0.0859375 0.0828125
3 0.23515625 0.54375 0.0953125 0.0859375
22 0.1578125 0.53984375 0.0953125 0.0859375
23 0.0828125 0.5328125 0.1015625 0.0859375