26 0.10078125 0.4671875 0.10625 0.1
25 0.19375 0.46640625 0.09375 0.0984375
9 0.28046875 0.4640625 0.0859375 0.096875
13 0.3640625 0.465625 0.0859375 0.0921875
5 0.4390625 0.4640625 0.0828125 0.090625
4 0.509375 0.4640625 0.08125 0.08125
22 0.5765625 0.4609375 0.0796875 0.0828125
18 0.640625 0.4609375 0.078125 0.078125
16 0.7 0.46015625 0.078125 0.075
5 0.753125 0.3875 0.1015625 0.0625
33 0.75625 0.459375 0.0765625 0.075
3 0.81328125 0.46171875 0.078125 0.071875
22 0.86484375 0.46171875 0.075 0.0703125
23 0.91328125 0.46171875 0.078125 0.0703125