9 0.05859375 0.3734375 0.0875 0.0796875
22 0.11484375 0.37890625 0.08125 0.0828125
31 0.16953125 0.3875 0.08125 0.0828125
29 0.22734375 0.39296875 0.0875 0.0859375
20 0.28828125 0.4 0.090625 0.084375
24 0.3578125 0.40546875 0.0859375 0.0875
7 0.4234375 0.4125 0.084375 0.090625
26 0.4953125 0.41875 0.0828125 0.090625
19 0.55390625 0.34375 0.109375 0.0796875
22 0.57265625 0.4234375 0.078125 0.0953125
27 0.65078125 0.43515625 0.0859375 0.09375
30 0.73359375 0.44375 0.096875 0.1
17 0.821875 0.45390625 0.10625 0.0984375
24 0.91328125 0.4609375 0.11875 0.1015625