36 0.11171875 0.3015625 0.090625 0.0890625
35 0.1609375 0.315625 0.0921875 0.0875
16 0.2109375 0.33125 0.0921875 0.0859375
3 0.26328125 0.34765625 0.09375 0.0921875
30 0.3171875 0.365625 0.0921875 0.09375
34 0.37421875 0.38359375 0.0953125 0.096875
30 0.43359375 0.403125 0.0953125 0.1
24 0.496875 0.4234375 0.0921875 0.0984375
36 0.5625 0.44140625 0.0875 0.1015625
32 0.596875 0.37109375 0.1140625 0.1
11 0.634375 0.4671875 0.0953125 0.1046875
14 0.7109375 0.48984375 0.103125 0.109375
19 0.7890625 0.51484375 0.1171875 0.115625
20 0.87109375 0.54140625 0.125 0.11875