36 0.93671875 0.53671875 0.125 0.1125
35 0.8390625 0.54921875 0.1140625 0.1046875
16 0.746875 0.5671875 0.1 0.1046875
3 0.659375 0.57734375 0.090625 0.0953125
30 0.57578125 0.5875 0.0796875 0.09375
34 0.49765625 0.5984375 0.0734375 0.09375
30 0.4296875 0.60859375 0.078125 0.09375
24 0.36328125 0.6203125 0.078125 0.090625
36 0.30234375 0.62734375 0.078125 0.0859375
32 0.26875 0.71015625 0.10625 0.0703125
11 0.24140625 0.63515625 0.078125 0.0859375
14 0.1875 0.6453125 0.078125 0.0796875
19 0.1359375 0.6515625 0.075 0.0828125
20 0.0890625 0.65859375 0.0734375 0.078125