26 0.04453125 0.4171875 0.0890625 0.0875
25 0.109375 0.42265625 0.0875 0.0828125
9 0.18046875 0.425 0.084375 0.084375
13 0.253125 0.4265625 0.084375 0.0859375
5 0.3265625 0.43125 0.08125 0.0859375
4 0.39765625 0.4359375 0.0765625 0.0859375
22 0.471875 0.43828125 0.075 0.0859375
18 0.54375 0.44453125 0.0765625 0.084375
16 0.6171875 0.44765625 0.0796875 0.0875
5 0.6734375 0.37265625 0.1140625 0.075
33 0.6921875 0.4484375 0.0859375 0.0828125
3 0.76484375 0.45625 0.0953125 0.0875
22 0.8421875 0.46015625 0.0953125 0.0875
23 0.9171875 0.4671875 0.1015625 0.0859375