24 0.50234375 0.0578125 0.075 0.0984375
29 0.503125 0.1296875 0.075 0.0921875
23 0.50546875 0.19921875 0.0796875 0.09375
22 0.5046875 0.26875 0.078125 0.0859375
31 0.50234375 0.340625 0.075 0.0828125
5 0.5046875 0.4125 0.0828125 0.0765625
18 0.5046875 0.4828125 0.078125 0.075
6 0.5046875 0.55625 0.078125 0.0734375
22 0.58046875 0.61484375 0.0640625 0.109375
31 0.5046875 0.63046875 0.078125 0.08125
36 0.503125 0.703125 0.078125 0.084375
31 0.49921875 0.7796875 0.078125 0.090625
18 0.5 0.85234375 0.0828125 0.09375
7 0.50234375 0.92578125 0.0828125 0.1015625