24 0.10625 0.50390625 0.1140625 0.1
32 0.17734375 0.48125 0.109375 0.0953125
6 0.24375 0.45625 0.1015625 0.09375
15 0.3109375 0.4359375 0.0953125 0.0921875
9 0.3765625 0.4125 0.090625 0.0921875
5 0.440625 0.390625 0.084375 0.0875
25 0.503125 0.36640625 0.0859375 0.0875
27 0.565625 0.34609375 0.0859375 0.0859375
31 0.625 0.325 0.0921875 0.0875
11 0.684375 0.303125 0.090625 0.0859375
31 0.740625 0.284375 0.0953125 0.084375
18 0.7984375 0.26484375 0.0984375 0.0890625
30 0.85234375 0.246875 0.096875 0.0859375