25 0.184375 0.77421875 0.234375 0.234375
28 0.265625 0.659375 0.2078125 0.2078125
30 0.3375 0.55859375 0.184375 0.184375
35 0.4 0.4765625 0.16875 0.1703125
6 0.45625 0.40546875 0.1640625 0.165625
28 0.5015625 0.34375 0.153125 0.1546875
9 0.54609375 0.28828125 0.146875 0.146875
23 0.58359375 0.2390625 0.1375 0.1375
3 0.54296875 0.14375 0.146875 0.1453125
16 0.61875 0.19140625 0.1296875 0.13125
13 0.64765625 0.15390625 0.125 0.125
8 0.675 0.11875 0.121875 0.121875
31 0.7 0.08671875 0.1140625 0.1140625
21 0.71953125 0.05859375 0.1078125 0.1078125