33 0.18125 0.36796875 0.134375 0.13125
21 0.27109375 0.38984375 0.125 0.1265625
32 0.35703125 0.409375 0.109375 0.1171875
26 0.43359375 0.43046875 0.103125 0.109375
32 0.5046875 0.44609375 0.1015625 0.1109375
10 0.5703125 0.46328125 0.103125 0.1109375
36 0.63203125 0.47578125 0.1015625 0.10625
34 0.6890625 0.4890625 0.1 0.103125
29 0.75 0.425 0.125 0.0984375
29 0.746875 0.5046875 0.1015625 0.1015625
28 0.79921875 0.5203125 0.096875 0.0984375
26 0.85 0.53359375 0.090625 0.0953125
4 0.89765625 0.5453125 0.0921875 0.09375
19 0.94140625 0.55546875 0.0921875 0.09375