17 0.08828125 0.60078125 0.16875 0.165625
15 0.196875 0.55703125 0.146875 0.153125
10 0.29765625 0.51875 0.1265625 0.1421875
31 0.38359375 0.4828125 0.10625 0.134375
4 0.46328125 0.45 0.09375 0.1234375
12 0.53203125 0.421875 0.090625 0.11875
3 0.59296875 0.39296875 0.090625 0.1171875
30 0.60703125 0.296875 0.11875 0.103125
30 0.65 0.36875 0.0875 0.1109375
6 0.70234375 0.3484375 0.0859375 0.1078125
19 0.75 0.32890625 0.078125 0.0984375
21 0.7921875 0.309375 0.078125 0.0984375
13 0.83359375 0.29375 0.075 0.0953125
24 0.8703125 0.278125 0.071875 0.090625