31 0.0578125 0.45 0.0796875 0.0765625
17 0.11640625 0.4515625 0.078125 0.0765625
8 0.17265625 0.45234375 0.0796875 0.078125
17 0.2328125 0.45390625 0.078125 0.08125
15 0.29296875 0.45546875 0.0765625 0.08125
18 0.3578125 0.4546875 0.0765625 0.0828125
11 0.42109375 0.45859375 0.075 0.08125
35 0.421875 0.38359375 0.1015625 0.0671875
21 0.490625 0.459375 0.071875 0.0828125
27 0.5578125 0.46171875 0.0703125 0.0828125
27 0.6296875 0.4640625 0.0765625 0.0859375
26 0.70625 0.465625 0.084375 0.090625
20 0.78359375 0.46953125 0.090625 0.090625
4 0.86328125 0.475 0.0953125 0.09375