16 0.1125 0.35546875 0.0671875 0.078125
4 0.16640625 0.36015625 0.0703125 0.08125
11 0.2203125 0.365625 0.0703125 0.08125
9 0.275 0.36953125 0.0703125 0.0828125
14 0.334375 0.37578125 0.0671875 0.0859375
10 0.39609375 0.38125 0.0671875 0.0859375
20 0.4578125 0.38828125 0.0640625 0.0828125
12 0.52421875 0.39296875 0.0703125 0.0859375
6 0.5328125 0.3171875 0.0984375 0.0703125
7 0.59296875 0.396875 0.075 0.090625
24 0.66640625 0.403125 0.0796875 0.09375
15 0.740625 0.40703125 0.0875 0.0953125
12 0.81640625 0.415625 0.0921875 0.096875
3 0.89765625 0.42109375 0.1 0.1015625