20 0.3625 0.86875 0.075 0.071875
27 0.3640625 0.81640625 0.075 0.0765625
28 0.36328125 0.759375 0.0765625 0.075
7 0.36484375 0.70234375 0.08125 0.075
23 0.3671875 0.64296875 0.0796875 0.0734375
35 0.3703125 0.58359375 0.0796875 0.075
32 0.3734375 0.51875 0.084375 0.0734375
22 0.37578125 0.45234375 0.0859375 0.0703125
33 0.378125 0.3828125 0.090625 0.075
29 0.38203125 0.3078125 0.0921875 0.078125
34 0.29609375 0.33515625 0.075 0.10625
7 0.3875 0.23125 0.090625 0.0859375
5 0.390625 0.15390625 0.0921875 0.096875
7 0.39609375 0.07109375 0.096875 0.103125