33 0.07890625 0.4296875 0.0859375 0.0765625
5 0.1328125 0.42890625 0.084375 0.078125
29 0.18671875 0.43125 0.0828125 0.075
25 0.24375 0.43125 0.0828125 0.078125
6 0.3015625 0.43046875 0.0828125 0.078125
16 0.36171875 0.4328125 0.078125 0.0765625
36 0.42265625 0.4328125 0.075 0.075
13 0.40703125 0.38125 0.1 0.078125
23 0.48671875 0.43515625 0.075 0.075
10 0.55078125 0.434375 0.078125 0.078125
31 0.61796875 0.4359375 0.0875 0.0796875
26 0.6859375 0.43671875 0.0953125 0.08125
8 0.75859375 0.4390625 0.0984375 0.0828125
18 0.8296875 0.44140625 0.1046875 0.084375