30 0.1953125 0.30625 0.140625 0.1421875
27 0.27890625 0.34296875 0.1296875 0.134375
35 0.35390625 0.378125 0.1203125 0.1265625
12 0.4265625 0.40703125 0.1125 0.121875
28 0.49375 0.4375 0.10625 0.115625
14 0.55546875 0.4625 0.103125 0.1109375
27 0.6140625 0.4859375 0.1015625 0.109375
7 0.6828125 0.4359375 0.1171875 0.103125
24 0.66875 0.509375 0.1 0.10625
13 0.721875 0.53359375 0.1 0.1046875
11 0.7703125 0.5546875 0.0984375 0.1015625
18 0.8171875 0.5765625 0.09375 0.0984375
6 0.8609375 0.5953125 0.0921875 0.0953125
22 0.9015625 0.6140625 0.090625 0.09375