10 0.1921875 0.1609375 0.1078125 0.1078125
33 0.2390625 0.19453125 0.10625 0.10625
9 0.28984375 0.2296875 0.109375 0.109375
29 0.34140625 0.2625 0.1046875 0.1078125
28 0.39140625 0.29921875 0.10625 0.1109375
7 0.44375 0.3359375 0.10625 0.1109375
27 0.49453125 0.37421875 0.1046875 0.109375
5 0.5546875 0.32734375 0.1171875 0.109375
21 0.55234375 0.41484375 0.0984375 0.103125
10 0.60859375 0.4515625 0.109375 0.1140625
19 0.6671875 0.49375 0.1140625 0.1140625
20 0.728125 0.5359375 0.1171875 0.1171875
13 0.78984375 0.578125 0.1234375 0.121875
8 0.85625 0.625 0.134375 0.1296875