3 0.11953125 0.43203125 0.0765625 0.078125
3 0.16875 0.43125 0.0796875 0.08125
31 0.2171875 0.428125 0.0796875 0.0828125
29 0.2671875 0.4265625 0.08125 0.0859375
28 0.2875 0.3546875 0.0984375 0.078125
20 0.31875 0.4265625 0.08125 0.0859375
3 0.3765625 0.4234375 0.078125 0.0875
14 0.4359375 0.421875 0.078125 0.0859375
32 0.49609375 0.4203125 0.0796875 0.0890625
36 0.56015625 0.4171875 0.0796875 0.090625
25 0.628125 0.41328125 0.0828125 0.09375
14 0.7015625 0.40625 0.0921875 0.0984375
8 0.77578125 0.4046875 0.1015625 0.0984375
33 0.85625 0.39921875 0.10625 0.1046875