31 0.06328125 0.57109375 0.1265625 0.1171875
17 0.13984375 0.54609375 0.121875 0.1171875
8 0.21640625 0.51875 0.11875 0.1171875
17 0.29375 0.49296875 0.115625 0.115625
15 0.3671875 0.46875 0.103125 0.109375
18 0.4390625 0.44453125 0.1 0.1078125
11 0.51171875 0.4203125 0.0984375 0.1046875
35 0.50234375 0.3375 0.125 0.10625
21 0.58046875 0.3953125 0.1015625 0.109375
27 0.65 0.3734375 0.1046875 0.1078125
27 0.71875 0.35234375 0.1078125 0.1078125
26 0.7859375 0.33125 0.10625 0.1078125
20 0.85078125 0.309375 0.109375 0.10625
4 0.9125 0.2921875 0.1109375 0.109375