10 0.04921875 0.43984375 0.0984375 0.0953125
33 0.13125 0.43828125 0.0984375 0.09375
9 0.2140625 0.440625 0.09375 0.090625
29 0.296875 0.43828125 0.0859375 0.090625
28 0.3765625 0.4390625 0.078125 0.0875
7 0.453125 0.440625 0.0828125 0.090625
27 0.52734375 0.44140625 0.0828125 0.0859375
5 0.578125 0.3625 0.1140625 0.0703125
21 0.6015625 0.4421875 0.0828125 0.0859375
10 0.6765625 0.440625 0.0859375 0.0828125
19 0.7484375 0.4390625 0.0890625 0.084375
20 0.8171875 0.43828125 0.0875 0.0828125
13 0.8859375 0.4390625 0.0859375 0.0828125
8 0.9515625 0.44140625 0.0921875 0.0828125