5 0.2703125 0.128125 0.1609375 0.16875
9 0.3546875 0.1859375 0.1609375 0.16875
13 0.4375 0.24453125 0.15625 0.165625
17 0.51875 0.303125 0.15625 0.165625
21 0.5984375 0.36015625 0.15625 0.165625
25 0.67890625 0.41640625 0.15625 0.1640625
29 0.759375 0.47421875 0.159375 0.1671875
33 0.84140625 0.5328125 0.15625 0.1640625
36 0.92109375 0.59296875 0.15625 0.165625
4 0.19375 0.2390625 0.1609375 0.16875
8 0.278125 0.29765625 0.159375 0.1671875
12 0.3609375 0.3546875 0.159375 0.1671875
16 0.44375 0.41328125 0.15625 0.165625
20 0.52421875 0.46953125 0.15625 0.1640625
24 0.603125 0.5265625 0.1578125 0.1640625
28 0.684375 0.584375 0.15625 0.165625
32 0.7640625 0.64296875 0.1578125 0.165625
35 0.8453125 0.70234375 0.1578125 0.165625
3 0.115625 0.34921875 0.1609375 0.16875
7 0.2 0.4078125 0.1609375 0.16875
11 0.284375 0.46484375 0.15625 0.165625
15 0.36640625 0.521875 0.1578125 0.165625
19 0.44765625 0.57734375 0.1578125 0.1640625
23 0.528125 0.6359375 0.15625 0.1640625
27 0.609375 0.69453125 0.1578125 0.1671875
31 0.690625 0.75390625 0.1609375 0.16875
34 0.77109375 0.81328125 0.1609375 0.16875
22 0.0578125 0.4609375 0.115625 0.171875
26 0.121875 0.51875 0.165625 0.1734375
30 0.2046875 0.575 0.1625 0.1703125
6 0.28828125 0.63359375 0.1609375 0.16875
10 0.3703125 0.690625 0.1578125 0.16875
14 0.45234375 0.74921875 0.1609375 0.1703125
18 0.53359375 0.80546875 0.1609375 0.1703125