3 0.13046875 0.3859375 0.0703125 0.0703125
3 0.17890625 0.39140625 0.0703125 0.0734375
31 0.22734375 0.39375 0.0703125 0.075
29 0.27734375 0.39765625 0.071875 0.078125
28 0.30625 0.3296875 0.090625 0.0671875
20 0.32890625 0.4046875 0.071875 0.0796875
3 0.3875 0.409375 0.0703125 0.0796875
14 0.44609375 0.4140625 0.0703125 0.078125
32 0.50625 0.4203125 0.0703125 0.08125
36 0.56953125 0.425 0.0703125 0.0828125
25 0.63828125 0.42890625 0.0734375 0.0859375
14 0.7109375 0.43125 0.0828125 0.0875
8 0.7859375 0.43828125 0.090625 0.0875
33 0.865625 0.4421875 0.0953125 0.09375