28 0.446875 0.89609375 0.0984375 0.1203125
32 0.4296875 0.80546875 0.0921875 0.10625
6 0.409375 0.7234375 0.0921875 0.09375
7 0.39375 0.64453125 0.090625 0.084375
32 0.38125 0.56796875 0.090625 0.075
18 0.3640625 0.496875 0.090625 0.0703125
8 0.35 0.43046875 0.0859375 0.0671875
6 0.33671875 0.36953125 0.0859375 0.0734375
11 0.325 0.309375 0.084375 0.0703125
12 0.31484375 0.2546875 0.08125 0.0734375
11 0.30078125 0.2046875 0.078125 0.0703125
31 0.29296875 0.15546875 0.078125 0.0703125
5 0.28125 0.10625 0.0765625 0.071875
36 0.271875 0.0625 0.0765625 0.0703125