15 0.48671875 0.92265625 0.103125 0.1265625
21 0.4671875 0.83125 0.103125 0.1109375
13 0.45 0.740625 0.0984375 0.096875
12 0.43828125 0.66015625 0.09375 0.090625
12 0.4265625 0.57890625 0.09375 0.0828125
15 0.41328125 0.503125 0.09375 0.0734375
16 0.40078125 0.4375 0.090625 0.0765625
9 0.38828125 0.37421875 0.0859375 0.0765625
17 0.3796875 0.3140625 0.078125 0.075
20 0.36796875 0.2609375 0.0796875 0.075
22 0.36015625 0.20390625 0.078125 0.0765625
15 0.35 0.15234375 0.075 0.0765625
36 0.34296875 0.10546875 0.075 0.0703125
28 0.3328125 0.059375 0.075 0.0765625