18 0.4625 0.940625 0.0875 0.1171875
21 0.4578125 0.86171875 0.0828125 0.109375
5 0.45078125 0.78046875 0.0828125 0.103125
6 0.44453125 0.7015625 0.084375 0.096875
23 0.43984375 0.62421875 0.08125 0.09375
30 0.434375 0.54765625 0.0828125 0.0828125
22 0.428125 0.4734375 0.08125 0.075
30 0.42265625 0.396875 0.0828125 0.0828125
11 0.41796875 0.32265625 0.084375 0.0828125
17 0.41171875 0.25078125 0.08125 0.0875
8 0.33828125 0.21484375 0.0671875 0.121875
27 0.4078125 0.18046875 0.078125 0.0875
11 0.403125 0.1125 0.0765625 0.090625
3 0.39921875 0.046875 0.078125 0.0921875