34 0.93046875 0.540625 0.11875 0.0953125
14 0.8484375 0.55390625 0.109375 0.09375
34 0.7671875 0.5671875 0.1 0.0921875
16 0.68984375 0.57734375 0.0875 0.0890625
19 0.61953125 0.590625 0.0796875 0.084375
10 0.54609375 0.60078125 0.0703125 0.0890625
26 0.48125 0.6125 0.0703125 0.0859375
29 0.41484375 0.621875 0.0671875 0.0859375
29 0.35390625 0.63359375 0.0734375 0.084375
4 0.35234375 0.70390625 0.096875 0.071875
27 0.2953125 0.64140625 0.071875 0.0796875
24 0.2390625 0.64921875 0.071875 0.075
9 0.1859375 0.65703125 0.06875 0.0765625
9 0.134375 0.66875 0.0703125 0.078125