6 0.2296875 0.16484375 0.109375 0.10625
7 0.275 0.2 0.1125 0.109375
25 0.31640625 0.23828125 0.1109375 0.109375
19 0.3625 0.275 0.115625 0.1125
28 0.4109375 0.315625 0.1109375 0.109375
17 0.46015625 0.35703125 0.1140625 0.1125
10 0.46953125 0.26875 0.1296875 0.1203125
9 0.5109375 0.4015625 0.1109375 0.1109375
36 0.56015625 0.4515625 0.103125 0.103125
34 0.61796875 0.5015625 0.109375 0.109375
5 0.68046875 0.5515625 0.1171875 0.115625
7 0.74140625 0.60546875 0.1265625 0.125
13 0.809375 0.6625 0.1359375 0.13125
6 0.878125 0.7203125 0.14375 0.1375