29 0.928125 0.53984375 0.103125 0.090625
11 0.846875 0.5390625 0.0953125 0.0921875
9 0.76796875 0.54140625 0.090625 0.090625
26 0.68984375 0.5421875 0.0859375 0.09375
17 0.6140625 0.54375 0.0796875 0.090625
10 0.53828125 0.54375 0.075 0.0875
12 0.4671875 0.54453125 0.071875 0.0875
15 0.396875 0.5453125 0.078125 0.0859375
32 0.3859375 0.62578125 0.1015625 0.071875
14 0.325 0.5453125 0.0828125 0.0859375
21 0.25546875 0.54765625 0.08125 0.0859375
14 0.18828125 0.546875 0.0828125 0.084375
33 0.121875 0.54765625 0.084375 0.0859375
22 0.06015625 0.5484375 0.0875 0.0828125