35 0.07890625 0.5796875 0.125 0.1484375
20 0.3734375 0.42890625 0.153125 0.1640625
19 0.73515625 0.28046875 0.2046875 0.2046875
10 0.26953125 0.77421875 0.140625 0.1140625
15 0.38125 0.68359375 0.140625 0.134375
36 0.45390625 0.6015625 0.1578125 0.140625
21 0.378125 0.79609375 0.140625 0.1265625
12 0.52890625 0.696875 0.134375 0.1265625
9 0.7265625 0.6765625 0.1546875 0.1359375
23 0.8265625 0.690625 0.153125 0.125
28 0.7609375 0.52421875 0.1734375 0.1640625
8 0.86796875 0.5609375 0.128125 0.134375