24 0.14453125 0.21796875 0.1296875 0.115625
13 0.21015625 0.2515625 0.128125 0.1140625
24 0.28046875 0.2828125 0.125 0.1109375
31 0.353125 0.3140625 0.1171875 0.10625
10 0.4203125 0.346875 0.1140625 0.10625
27 0.53046875 0.31875 0.1328125 0.11875
8 0.490625 0.37734375 0.1015625 0.0953125
32 0.5609375 0.409375 0.1015625 0.1015625
15 0.628125 0.44140625 0.1015625 0.1
22 0.696875 0.46484375 0.10625 0.1015625
23 0.7625 0.4953125 0.1109375 0.1046875
27 0.82578125 0.528125 0.11875 0.1078125
27 0.890625 0.5609375 0.1171875 0.10625
17 0.94453125 0.596875 0.109375 0.1140625