16 0.1078125 0.49140625 0.10625 0.096875
12 0.196875 0.484375 0.090625 0.103125
31 0.28046875 0.4828125 0.0875 0.09375
29 0.3625 0.475 0.08125 0.09375
10 0.43515625 0.4703125 0.0734375 0.0890625
16 0.50078125 0.4671875 0.0703125 0.0859375
25 0.5640625 0.4609375 0.071875 0.0828125
18 0.584375 0.38671875 0.0953125 0.0671875
27 0.62578125 0.4578125 0.0703125 0.0828125
13 0.6828125 0.45390625 0.071875 0.0796875
19 0.7390625 0.4515625 0.0671875 0.0765625
12 0.78828125 0.4484375 0.0703125 0.075
30 0.8390625 0.4453125 0.0671875 0.0703125
8 0.8859375 0.44296875 0.0703125 0.0734375