23 0.053125 0.4578125 0.10625 0.071875
31 0.128125 0.45625 0.1078125 0.071875
36 0.21015625 0.45390625 0.1015625 0.0703125
16 0.290625 0.45 0.09375 0.06875
24 0.36953125 0.446875 0.0859375 0.0640625
7 0.446875 0.44453125 0.0765625 0.0671875
19 0.49375 0.3796875 0.1109375 0.0625
14 0.52421875 0.4390625 0.078125 0.071875
9 0.59765625 0.43671875 0.0828125 0.0703125
4 0.67265625 0.4328125 0.0890625 0.0703125
5 0.74296875 0.4296875 0.0921875 0.06875
22 0.81171875 0.42734375 0.0953125 0.0671875
25 0.8796875 0.42578125 0.0984375 0.0671875
4 0.946875 0.4234375 0.0984375 0.065625