5 0.24296875 0.12890625 0.1109375 0.109375
26 0.28515625 0.1703125 0.109375 0.1078125
13 0.32734375 0.209375 0.1125 0.1109375
5 0.36953125 0.25078125 0.1140625 0.1140625
33 0.4109375 0.29609375 0.1109375 0.109375
18 0.4578125 0.3421875 0.115625 0.115625
11 0.50859375 0.3890625 0.109375 0.1109375
21 0.55390625 0.44140625 0.10625 0.10625
33 0.58515625 0.3734375 0.1234375 0.11875
26 0.6078125 0.4921875 0.1078125 0.1078125
35 0.66328125 0.54375 0.1140625 0.1140625
23 0.72734375 0.5953125 0.125 0.1234375
29 0.7859375 0.653125 0.1328125 0.1296875
18 0.84453125 0.709375 0.140625 0.1390625