20 0.7375 0.2203125 0.196875 0.246875
6 0.37734375 0.0890625 0.1328125 0.178125
25 0.20390625 0.22578125 0.0640625 0.1453125
26 0.30546875 0.2609375 0.0953125 0.16875
13 0.3984375 0.2734375 0.1296875 0.1921875
5 0.47421875 0.41328125 0.096875 0.171875
7 0.5171875 0.5921875 0.1265625 0.18125
21 0.4046875 0.65390625 0.1296875 0.1796875
10 0.29765625 0.634375 0.103125 0.1578125
33 0.23671875 0.665625 0.090625 0.1453125
13 0.50703125 0.81953125 0.14375 0.178125
21 0.39921875 0.8765625 0.1265625 0.1609375