17 0.5453125 0.0625 0.0875 0.1
15 0.54609375 0.1390625 0.0890625 0.0921875
10 0.54765625 0.21796875 0.0875 0.0890625
31 0.5515625 0.2953125 0.0875 0.0859375
4 0.55546875 0.36875 0.0859375 0.078125
12 0.55625 0.44453125 0.0859375 0.075
3 0.5578125 0.5171875 0.084375 0.071875
30 0.63984375 0.54140625 0.0703125 0.1046875
30 0.56328125 0.58671875 0.0859375 0.0765625
6 0.56328125 0.65546875 0.084375 0.0765625
19 0.56640625 0.721875 0.0828125 0.078125
21 0.5703125 0.7890625 0.0828125 0.078125
13 0.57109375 0.85234375 0.0828125 0.08125
24 0.5734375 0.9140625 0.0828125 0.0828125