11 0.225 0.17109375 0.1140625 0.1109375
32 0.2703125 0.20859375 0.1140625 0.1109375
12 0.3171875 0.2484375 0.1109375 0.1078125
28 0.36640625 0.28828125 0.1140625 0.1125
25 0.4140625 0.3328125 0.1109375 0.109375
34 0.46640625 0.37578125 0.1109375 0.109375
6 0.51796875 0.4203125 0.10625 0.10625
4 0.5703125 0.37265625 0.1234375 0.1171875
3 0.57421875 0.46796875 0.1 0.1015625
33 0.63125 0.51640625 0.109375 0.109375
16 0.6890625 0.56640625 0.1171875 0.115625
21 0.75078125 0.6171875 0.1234375 0.121875
31 0.8125 0.6703125 0.134375 0.1328125
18 0.87734375 0.7234375 0.1375 0.1328125