10 0.15703125 0.20703125 0.1484375 0.15
33 0.23515625 0.2484375 0.1578125 0.1578125
9 0.31953125 0.3 0.1484375 0.1484375
29 0.40234375 0.3453125 0.1375 0.1390625
28 0.47578125 0.3921875 0.1328125 0.1328125
7 0.5453125 0.434375 0.1296875 0.13125
27 0.60859375 0.47578125 0.1234375 0.1234375
5 0.7046875 0.44453125 0.1390625 0.1328125
21 0.66640625 0.5109375 0.1140625 0.1140625
10 0.725 0.54140625 0.121875 0.121875
19 0.77890625 0.5703125 0.1171875 0.1171875
20 0.82890625 0.6 0.121875 0.121875
13 0.87578125 0.62734375 0.115625 0.1140625
8 0.9203125 0.65625 0.1109375 0.1109375