18 0.084375 0.653125 0.1421875 0.128125
21 0.1546875 0.61484375 0.1328125 0.1203125
5 0.22578125 0.57421875 0.1296875 0.11875
6 0.29375 0.53515625 0.1234375 0.1171875
23 0.36171875 0.4984375 0.11875 0.1125
30 0.42890625 0.4609375 0.1109375 0.109375
22 0.49375 0.42421875 0.1015625 0.1046875
30 0.56171875 0.38671875 0.109375 0.109375
11 0.6265625 0.35078125 0.1109375 0.1109375
17 0.6890625 0.31484375 0.1140625 0.109375
8 0.690625 0.2328125 0.1390625 0.1125
27 0.75078125 0.28203125 0.1109375 0.1078125
11 0.8109375 0.24921875 0.1140625 0.1078125
3 0.86875 0.21796875 0.1171875 0.109375