11 0.06328125 0.4 0.084375 0.078125
21 0.1203125 0.40703125 0.084375 0.0828125
14 0.17734375 0.409375 0.0828125 0.0828125
9 0.2328125 0.4171875 0.0828125 0.0828125
12 0.28984375 0.425 0.084375 0.0828125
32 0.35078125 0.4328125 0.0828125 0.0828125
19 0.41484375 0.4421875 0.0859375 0.0859375
16 0.48125 0.4484375 0.0828125 0.0859375
12 0.55078125 0.45546875 0.0796875 0.0859375
36 0.60078125 0.37578125 0.109375 0.078125
6 0.62265625 0.4625 0.0828125 0.090625
13 0.69921875 0.478125 0.090625 0.09375
13 0.7828125 0.48984375 0.10625 0.1015625
5 0.86796875 0.50859375 0.109375 0.1015625