5 0.09296875 0.475 0.115625 0.103125
26 0.18671875 0.4640625 0.1 0.096875
13 0.271875 0.45390625 0.0875 0.0953125
5 0.353125 0.446875 0.0796875 0.090625
33 0.42578125 0.43828125 0.078125 0.0859375
18 0.49296875 0.4328125 0.078125 0.0875
11 0.55546875 0.4265625 0.0765625 0.078125
21 0.615625 0.42109375 0.078125 0.078125
33 0.6296875 0.3546875 0.0921875 0.0734375
26 0.6703125 0.415625 0.0765625 0.078125
35 0.7203125 0.40625 0.0703125 0.075
23 0.76875 0.39609375 0.0625 0.0703125
29 0.8078125 0.38984375 0.065625 0.0703125
18 0.85078125 0.3859375 0.065625 0.0703125