20 0.73984375 0.15546875 0.140625 0.1484375
24 0.7 0.24375 0.1296875 0.1359375
30 0.6578125 0.321875 0.1265625 0.1328125
34 0.62421875 0.396875 0.115625 0.1171875
27 0.590625 0.47109375 0.1078125 0.10625
20 0.5609375 0.53984375 0.109375 0.10625
34 0.53203125 0.60078125 0.109375 0.1078125
7 0.50546875 0.6609375 0.1109375 0.109375
14 0.5515625 0.70546875 0.1140625 0.125
8 0.47734375 0.715625 0.1078125 0.109375
17 0.45390625 0.77109375 0.1046875 0.10625
31 0.43125 0.82109375 0.10625 0.10625
4 0.4109375 0.8703125 0.103125 0.10625
35 0.3875 0.91640625 0.1015625 0.103125