3 0.115625 0.465625 0.0828125 0.0828125
3 0.16328125 0.4609375 0.084375 0.0859375
31 0.21171875 0.453125 0.084375 0.0875
29 0.2609375 0.446875 0.0859375 0.090625
28 0.275 0.3734375 0.1015625 0.0859375
20 0.31328125 0.44296875 0.0859375 0.09375
3 0.37109375 0.43515625 0.084375 0.09375
14 0.4296875 0.42734375 0.084375 0.090625
32 0.4890625 0.42109375 0.0859375 0.09375
36 0.553125 0.4125 0.0859375 0.0953125
25 0.6203125 0.4015625 0.0890625 0.0984375
14 0.6921875 0.3890625 0.0984375 0.103125
8 0.76640625 0.38046875 0.1078125 0.1046875
33 0.8453125 0.36796875 0.1140625 0.1109375