20 0.15234375 0.2578125 0.215625 0.2171875
27 0.2734375 0.3109375 0.1859375 0.1921875
28 0.37890625 0.35625 0.1640625 0.171875
7 0.46796875 0.396875 0.153125 0.1609375
23 0.54296875 0.43125 0.1453125 0.1484375
35 0.61015625 0.46171875 0.140625 0.1453125
32 0.6703125 0.4875 0.1296875 0.134375
22 0.725 0.51328125 0.121875 0.1265625
33 0.77265625 0.53515625 0.1203125 0.1234375
29 0.81640625 0.55546875 0.1109375 0.1140625
34 0.86640625 0.49140625 0.1203125 0.1140625
7 0.8578125 0.57578125 0.1078125 0.1109375
5 0.89375 0.5953125 0.10625 0.109375
7 0.92734375 0.6125 0.1015625 0.1015625