5 0.171875 0.246875 0.125 0.125
35 0.2375 0.2890625 0.121875 0.1234375
14 0.3 0.32734375 0.1140625 0.1171875
4 0.3625 0.36640625 0.1140625 0.1171875
17 0.4234375 0.40703125 0.1078125 0.1125
9 0.48359375 0.446875 0.1078125 0.109375
3 0.5421875 0.484375 0.109375 0.1109375
35 0.65 0.4625 0.121875 0.109375
5 0.6 0.52109375 0.10625 0.10625
34 0.6578125 0.55625 0.109375 0.109375
21 0.71328125 0.59296875 0.1125 0.1109375
11 0.7703125 0.628125 0.1125 0.109375
24 0.821875 0.6640625 0.115625 0.115625
21 0.875 0.6984375 0.115625 0.1125