32 0.16328125 0.7734375 0.121875 0.121875
16 0.21640625 0.7140625 0.1140625 0.1140625
3 0.26484375 0.659375 0.109375 0.109375
11 0.3171875 0.60234375 0.1015625 0.1015625
36 0.36640625 0.546875 0.0984375 0.0984375
30 0.41484375 0.4921875 0.0921875 0.0921875
29 0.47109375 0.4421875 0.09375 0.09375
11 0.4703125 0.35078125 0.1140625 0.1140625
14 0.5203125 0.3875 0.096875 0.096875
22 0.565625 0.33125 0.1015625 0.1015625
32 0.609375 0.275 0.1078125 0.1078125
26 0.65703125 0.221875 0.109375 0.109375
22 0.70390625 0.1734375 0.1125 0.1125
14 0.7484375 0.1203125 0.1140625 0.1140625