24 0.49765625 0.9421875 0.075 0.0984375
29 0.496875 0.8703125 0.075 0.0921875
23 0.49453125 0.80078125 0.0796875 0.09375
22 0.4953125 0.73125 0.0796875 0.0859375
31 0.49765625 0.659375 0.075 0.0828125
5 0.4953125 0.5875 0.0828125 0.0765625
18 0.4953125 0.5171875 0.078125 0.075
6 0.4953125 0.44375 0.078125 0.0734375
22 0.41953125 0.38515625 0.0625 0.109375
31 0.4953125 0.36953125 0.078125 0.08125
36 0.496875 0.296875 0.0796875 0.084375
31 0.50078125 0.2203125 0.078125 0.090625
18 0.5 0.14765625 0.0828125 0.09375
7 0.49765625 0.07421875 0.0828125 0.1015625