36 0.23046875 0.15703125 0.11875 0.1171875
35 0.2859375 0.20859375 0.1140625 0.1125
16 0.3453125 0.253125 0.1125 0.1109375
3 0.3984375 0.303125 0.1078125 0.10625
30 0.453125 0.35078125 0.103125 0.103125
34 0.509375 0.39921875 0.096875 0.096875
30 0.56328125 0.446875 0.09375 0.09375
24 0.61640625 0.49375 0.0984375 0.0984375
36 0.6671875 0.53984375 0.103125 0.1015625
32 0.7390625 0.51484375 0.125 0.125
11 0.721875 0.58671875 0.10625 0.10625
14 0.77265625 0.63046875 0.10625 0.10625
19 0.8234375 0.67578125 0.1125 0.1109375
20 0.871875 0.71953125 0.1109375 0.109375