20 0.07890625 0.4 0.109375 0.0953125
27 0.15703125 0.39375 0.103125 0.0953125
28 0.2359375 0.3875 0.0984375 0.0984375
7 0.3140625 0.38203125 0.0875 0.0953125
23 0.39140625 0.38046875 0.08125 0.09375
35 0.465625 0.37578125 0.075 0.090625
32 0.5390625 0.36953125 0.071875 0.09375
22 0.61015625 0.3640625 0.078125 0.09375
33 0.6828125 0.36015625 0.078125 0.09375
29 0.7515625 0.35625 0.0828125 0.090625
34 0.73203125 0.27421875 0.109375 0.075
7 0.82109375 0.35625 0.0859375 0.0875
5 0.8890625 0.35234375 0.0875 0.0875
7 0.953125 0.35234375 0.090625 0.0890625