20 0.0671875 0.490625 0.1265625 0.1171875
27 0.1421875 0.46796875 0.1203125 0.1140625
28 0.21953125 0.44453125 0.1171875 0.1171875
7 0.29375 0.4234375 0.10625 0.1125
23 0.36875 0.40625 0.0984375 0.1078125
35 0.44140625 0.38515625 0.0921875 0.1046875
32 0.51171875 0.3640625 0.090625 0.10625
22 0.5796875 0.34453125 0.0953125 0.109375
33 0.65 0.325 0.096875 0.1078125
29 0.7171875 0.30703125 0.0984375 0.1046875
34 0.68046875 0.23046875 0.121875 0.0953125
7 0.784375 0.29296875 0.1015625 0.103125
5 0.85 0.275 0.1046875 0.1046875
7 0.9125 0.26171875 0.10625 0.10625