7 0.13125 0.746875 0.140625 0.1375
21 0.1890625 0.69140625 0.1328125 0.13125
15 0.24453125 0.634375 0.128125 0.1265625
14 0.30078125 0.58046875 0.1234375 0.121875
8 0.35703125 0.52578125 0.1171875 0.1171875
32 0.41171875 0.475 0.109375 0.1109375
25 0.41484375 0.365625 0.1296875 0.128125
23 0.4625 0.42109375 0.115625 0.115625
5 0.515625 0.371875 0.1140625 0.1140625
36 0.56796875 0.321875 0.1171875 0.115625
36 0.615625 0.271875 0.11875 0.1171875
8 0.6640625 0.225 0.1171875 0.1171875
17 0.71328125 0.178125 0.1171875 0.115625
25 0.75859375 0.134375 0.1234375 0.121875