17 0.075 0.38125 0.078125 0.084375
15 0.1296875 0.3859375 0.0734375 0.084375
10 0.190625 0.39140625 0.078125 0.0859375
31 0.253125 0.3953125 0.078125 0.0875
4 0.31875 0.4 0.075 0.084375
12 0.38515625 0.40546875 0.0734375 0.0875
3 0.4546875 0.4109375 0.075 0.090625
30 0.471875 0.32890625 0.1 0.08125
30 0.52734375 0.415625 0.0703125 0.090625
6 0.603125 0.421875 0.0796875 0.0921875
19 0.6828125 0.4234375 0.0875 0.096875
21 0.7625 0.43046875 0.09375 0.096875
13 0.8453125 0.4359375 0.1046875 0.103125
24 0.93203125 0.44296875 0.109375 0.1015625