24 0.0359375 0.39140625 0.0703125 0.0765625
13 0.08515625 0.3953125 0.090625 0.0796875
24 0.1453125 0.4 0.0875 0.0796875
31 0.209375 0.403125 0.0875 0.0828125
10 0.27421875 0.40703125 0.0859375 0.0828125
8 0.34375 0.4125 0.0828125 0.0828125
27 0.34140625 0.33515625 0.109375 0.075
32 0.41328125 0.41875 0.0796875 0.0859375
15 0.484375 0.42265625 0.078125 0.0828125
22 0.56328125 0.42265625 0.0734375 0.0875
23 0.63984375 0.43046875 0.0828125 0.0859375
27 0.72265625 0.43515625 0.090625 0.0859375
27 0.80625 0.4421875 0.1015625 0.09375
17 0.89375 0.45546875 0.109375 0.096875