5 0.68125 0.11015625 0.1296875 0.096875
9 0.6828125 0.2046875 0.1265625 0.0953125
13 0.6828125 0.303125 0.125 0.09375
17 0.6828125 0.39765625 0.125 0.0953125
21 0.68203125 0.49296875 0.125 0.0921875
25 0.68359375 0.58671875 0.1265625 0.09375
29 0.6828125 0.68046875 0.125 0.09375
33 0.68359375 0.77578125 0.1265625 0.0953125
36 0.68359375 0.87109375 0.1296875 0.0953125
4 0.55078125 0.10859375 0.1265625 0.096875
8 0.553125 0.20625 0.1265625 0.0984375
12 0.55546875 0.303125 0.125 0.0953125
16 0.55546875 0.3984375 0.125 0.09375
20 0.55546875 0.49296875 0.125 0.09375
24 0.55390625 0.58671875 0.125 0.09375
28 0.55546875 0.68125 0.125 0.09375
32 0.55546875 0.7765625 0.125 0.0953125
35 0.553125 0.871875 0.1265625 0.0953125
3 0.42109375 0.1078125 0.1296875 0.096875
7 0.4234375 0.20625 0.1265625 0.0953125
11 0.4265625 0.30390625 0.1265625 0.09375
15 0.428125 0.39921875 0.128125 0.09375
19 0.42734375 0.49296875 0.125 0.09375
23 0.4265625 0.5875 0.1265625 0.0953125
27 0.42890625 0.6828125 0.1265625 0.0953125
31 0.4265625 0.77890625 0.1296875 0.096875
34 0.4265625 0.87578125 0.1265625 0.0953125
6 0.29921875 0.39453125 0.1296875 0.0953125
10 0.3 0.68125 0.13125 0.0984375
14 0.29765625 0.49140625 0.128125 0.09375
18 0.2984375 0.58515625 0.1296875 0.090625
22 0.29375 0.2015625 0.1296875 0.0953125
26 0.28984375 0.1015625 0.1296875 0.1015625
30 0.29609375 0.3 0.1296875 0.0953125