21 0.08828125 0.5046875 0.096875 0.1015625
12 0.14375 0.4953125 0.096875 0.103125
33 0.2046875 0.48515625 0.0953125 0.103125
8 0.26171875 0.47578125 0.0953125 0.10625
32 0.3265625 0.46640625 0.0921875 0.103125
33 0.38984375 0.4546875 0.0921875 0.103125
4 0.4546875 0.440625 0.090625 0.1046875
25 0.52265625 0.43046875 0.09375 0.1046875
36 0.59453125 0.41875 0.10625 0.10625
12 0.665625 0.4015625 0.1109375 0.1140625
7 0.73828125 0.39140625 0.1171875 0.1171875
24 0.8140625 0.37734375 0.1203125 0.1171875
30 0.8921875 0.36171875 0.1296875 0.125