30 0.13046875 0.21796875 0.1125 0.115625
27 0.1828125 0.2484375 0.1140625 0.1125
35 0.24296875 0.28359375 0.115625 0.1171875
12 0.30390625 0.315625 0.1171875 0.1171875
28 0.3640625 0.35 0.1140625 0.1171875
14 0.42578125 0.3859375 0.1109375 0.115625
27 0.4859375 0.41875 0.109375 0.1140625
7 0.55 0.36796875 0.125 0.1140625
24 0.54609375 0.4546875 0.1015625 0.1078125
13 0.60703125 0.490625 0.103125 0.1078125
11 0.6703125 0.52421875 0.1078125 0.109375
18 0.7328125 0.5609375 0.1140625 0.1171875
6 0.79375 0.596875 0.115625 0.1171875
22 0.85546875 0.634375 0.11875 0.11875