5 0.1046875 0.3328125 0.1015625 0.1328125
9 0.19921875 0.32734375 0.1 0.1296875
13 0.296875 0.32421875 0.0984375 0.1296875
17 0.3921875 0.32109375 0.0984375 0.1296875
21 0.4875 0.31875 0.0953125 0.1265625
25 0.58125 0.3140625 0.0984375 0.1296875
29 0.675 0.3109375 0.0984375 0.1296875
33 0.7703125 0.30703125 0.0984375 0.1296875
36 0.86484375 0.30390625 0.1015625 0.13125
4 0.1078125 0.46328125 0.1015625 0.1296875
8 0.2046875 0.45703125 0.1015625 0.1296875
12 0.30078125 0.45234375 0.1 0.1296875
16 0.396875 0.44765625 0.0984375 0.128125
20 0.49140625 0.4453125 0.0984375 0.1296875
24 0.58515625 0.44375 0.0984375 0.1296875
28 0.6796875 0.43828125 0.0984375 0.1265625
32 0.77421875 0.4359375 0.1 0.1296875
35 0.8703125 0.43359375 0.1 0.1296875
3 0.1109375 0.59296875 0.1015625 0.1328125
7 0.209375 0.58671875 0.1 0.1296875
11 0.30625 0.58046875 0.0984375 0.1296875
15 0.4015625 0.575 0.0984375 0.13125
19 0.49609375 0.5734375 0.0984375 0.1296875
23 0.590625 0.57109375 0.1 0.1296875
27 0.6859375 0.56484375 0.1 0.1296875
31 0.78125 0.5640625 0.1015625 0.1328125
34 0.878125 0.56015625 0.0984375 0.1296875
6 0.4015625 0.70390625 0.1015625 0.1328125
10 0.6890625 0.69375 0.103125 0.134375
14 0.4984375 0.703125 0.0984375 0.13125
18 0.59296875 0.6984375 0.0953125 0.1328125
22 0.20859375 0.71640625 0.1015625 0.1328125
26 0.11015625 0.72421875 0.10625 0.134375
30 0.30703125 0.7109375 0.1015625 0.1328125