18 0.06171875 0.57578125 0.1234375 0.1171875
21 0.13671875 0.55546875 0.11875 0.1140625
5 0.2078125 0.5359375 0.1171875 0.1125
6 0.28125 0.51171875 0.1109375 0.109375
23 0.35234375 0.49140625 0.1078125 0.1109375
30 0.425 0.46953125 0.0984375 0.10625
22 0.4953125 0.4484375 0.103125 0.10625
30 0.56640625 0.42890625 0.1 0.1078125
11 0.6359375 0.40703125 0.1 0.10625
17 0.70390625 0.38828125 0.1046875 0.10625
8 0.71171875 0.3015625 0.13125 0.1046875
27 0.771875 0.36796875 0.10625 0.10625
11 0.8375 0.34609375 0.10625 0.109375
3 0.9015625 0.32734375 0.11875 0.109375