26 0.5828125 0.04453125 0.0859375 0.0890625
25 0.57734375 0.109375 0.0828125 0.0875
9 0.575 0.18046875 0.084375 0.084375
13 0.5734375 0.253125 0.0859375 0.084375
5 0.56875 0.3265625 0.0859375 0.08125
4 0.5640625 0.39765625 0.0859375 0.0765625
22 0.56171875 0.471875 0.0859375 0.075
18 0.55546875 0.54375 0.084375 0.0765625
16 0.55234375 0.6171875 0.0875 0.0796875
5 0.62734375 0.6734375 0.075 0.1140625
33 0.5515625 0.6921875 0.0828125 0.0859375
3 0.54375 0.76484375 0.0859375 0.0953125
22 0.53984375 0.8421875 0.0859375 0.0953125
23 0.5328125 0.9171875 0.0859375 0.1015625