24 0.11015625 0.22578125 0.0953125 0.0984375
13 0.1546875 0.2484375 0.1140625 0.1078125
24 0.209375 0.275 0.1109375 0.1078125
31 0.2671875 0.3015625 0.1109375 0.109375
10 0.32578125 0.3296875 0.109375 0.109375
8 0.38828125 0.36015625 0.10625 0.10625
27 0.41484375 0.28828125 0.13125 0.1109375
32 0.45 0.3921875 0.10625 0.109375
15 0.51484375 0.42265625 0.103125 0.10625
22 0.5875 0.45234375 0.1015625 0.109375
23 0.65546875 0.48828125 0.109375 0.1109375
27 0.73125 0.52421875 0.1171875 0.1140625
27 0.80546875 0.56171875 0.1296875 0.125
17 0.88203125 0.60703125 0.1375 0.1296875