6 0.6125 0.084375 0.0671875 0.0875
7 0.61015625 0.14140625 0.071875 0.0875
25 0.60390625 0.196875 0.0734375 0.0859375
19 0.60078125 0.25625 0.075 0.0875
28 0.596875 0.31953125 0.075 0.084375
17 0.5921875 0.38359375 0.078125 0.0859375
10 0.66875 0.3390625 0.06875 0.109375
9 0.5859375 0.45078125 0.078125 0.08125
36 0.575 0.51953125 0.075 0.071875
34 0.56875 0.596875 0.078125 0.078125
5 0.5640625 0.6765625 0.078125 0.0875
7 0.55625 0.75703125 0.0859375 0.0953125
13 0.55 0.84453125 0.0859375 0.10625
6 0.54453125 0.93515625 0.0875 0.1140625