17 0.10859375 0.2953125 0.09375 0.0984375
15 0.16171875 0.31171875 0.0890625 0.0984375
10 0.2203125 0.32890625 0.09375 0.1
31 0.28125 0.346875 0.0953125 0.1015625
4 0.34453125 0.365625 0.090625 0.0984375
12 0.40703125 0.38359375 0.090625 0.1015625
3 0.47421875 0.40390625 0.09375 0.1046875
30 0.50859375 0.32734375 0.1140625 0.1
30 0.5453125 0.42265625 0.0875 0.103125
6 0.61796875 0.44453125 0.096875 0.10625
19 0.69453125 0.4625 0.10625 0.1140625
21 0.771875 0.48671875 0.1109375 0.1140625
13 0.8515625 0.509375 0.1234375 0.121875
24 0.934375 0.534375 0.1265625 0.121875