30 0.55390625 0.05859375 0.078125 0.0828125
27 0.55 0.11640625 0.0796875 0.084375
35 0.54375 0.178125 0.08125 0.084375
12 0.54140625 0.23984375 0.0828125 0.0828125
28 0.5375 0.30625 0.0859375 0.08125
14 0.5328125 0.37265625 0.0875 0.08125
27 0.52890625 0.4390625 0.0859375 0.078125
7 0.603125 0.465625 0.0734375 0.109375
24 0.52265625 0.51171875 0.0859375 0.078125
13 0.5171875 0.58828125 0.090625 0.0796875
11 0.5140625 0.66484375 0.09375 0.084375
18 0.51171875 0.74609375 0.0953125 0.0953125
6 0.5 0.83359375 0.0953125 0.10625
22 0.49296875 0.9203125 0.0984375 0.1109375