29 0.16875 0.68671875 0.196875 0.1953125
11 0.26328125 0.6125 0.171875 0.1796875
9 0.3546875 0.5484375 0.15 0.1625
26 0.4328125 0.4921875 0.1375 0.153125
17 0.49921875 0.4421875 0.1265625 0.140625
10 0.559375 0.3953125 0.1296875 0.140625
12 0.6125 0.353125 0.1234375 0.1296875
15 0.6625 0.315625 0.1203125 0.128125
32 0.64375 0.22734375 0.1234375 0.121875
14 0.70703125 0.28359375 0.1109375 0.1203125
21 0.74765625 0.2515625 0.10625 0.1171875
14 0.78671875 0.225 0.103125 0.1125
33 0.81875 0.19921875 0.0984375 0.10625
22 0.84921875 0.17421875 0.0953125 0.103125