10 0.1765625 0.18046875 0.1359375 0.134375
33 0.24296875 0.22890625 0.134375 0.134375
9 0.3078125 0.28046875 0.1296875 0.128125
29 0.375 0.32890625 0.1234375 0.1234375
28 0.43828125 0.37734375 0.1171875 0.11875
7 0.49921875 0.425 0.11875 0.121875
27 0.5578125 0.4703125 0.1171875 0.11875
5 0.6453125 0.4375 0.1328125 0.125
21 0.61640625 0.51484375 0.1171875 0.11875
10 0.6765625 0.559375 0.11875 0.1171875
19 0.73515625 0.60078125 0.121875 0.1203125
20 0.790625 0.6421875 0.11875 0.11875
13 0.8453125 0.68359375 0.11875 0.1171875
8 0.8953125 0.725 0.1234375 0.121875