35 0.10234375 0.7078125 0.1859375 0.1875
16 0.178125 0.6359375 0.1765625 0.178125
36 0.2578125 0.56171875 0.1578125 0.1609375
4 0.328125 0.4984375 0.1484375 0.15
6 0.39140625 0.4421875 0.1421875 0.1421875
31 0.44609375 0.39140625 0.134375 0.1375
17 0.49921875 0.34453125 0.1265625 0.1296875
5 0.54609375 0.3015625 0.1234375 0.125
33 0.5890625 0.2625 0.1171875 0.11875
26 0.62734375 0.2296875 0.11875 0.11875
24 0.6671875 0.19375 0.1078125 0.109375
7 0.69765625 0.16484375 0.1046875 0.10625
23 0.72890625 0.1375 0.1046875 0.10625
27 0.7609375 0.11171875 0.103125 0.1046875