25 0.15703125 0.25703125 0.115625 0.1015625
32 0.2203125 0.2890625 0.1109375 0.0984375
8 0.28203125 0.31796875 0.109375 0.0984375
34 0.346875 0.35 0.103125 0.0953125
28 0.4046875 0.3828125 0.0984375 0.0921875
29 0.4671875 0.41171875 0.0921875 0.0859375
19 0.565625 0.3953125 0.1140625 0.096875
35 0.528125 0.44609375 0.0890625 0.084375
18 0.59375 0.4734375 0.0953125 0.0921875
19 0.6546875 0.5015625 0.1 0.09375
34 0.715625 0.5328125 0.1015625 0.096875
36 0.775 0.56328125 0.1046875 0.0953125
24 0.83359375 0.590625 0.10625 0.0984375
27 0.89296875 0.62265625 0.1109375 0.0984375