22 0.95625 0.5734375 0.0859375 0.0640625
23 0.9015625 0.57265625 0.0875 0.0640625
23 0.846875 0.57265625 0.0875 0.065625
17 0.7890625 0.5734375 0.0796875 0.0640625
13 0.72734375 0.5734375 0.0828125 0.0640625
25 0.6671875 0.57265625 0.078125 0.0640625
16 0.6078125 0.57265625 0.0734375 0.0640625
21 0.54609375 0.57265625 0.0703125 0.0640625
10 0.4828125 0.5734375 0.0671875 0.0640625
30 0.41796875 0.57421875 0.0671875 0.06875
25 0.3515625 0.571875 0.0703125 0.06875
31 0.28515625 0.57109375 0.078125 0.0671875
30 0.21484375 0.571875 0.0796875 0.0703125
18 0.14453125 0.56953125 0.0875 0.0703125