33 0.0765625 0.44453125 0.0875 0.078125
5 0.13125 0.4421875 0.0859375 0.0796875
29 0.18515625 0.4421875 0.0859375 0.078125
25 0.24140625 0.440625 0.0859375 0.0796875
6 0.29921875 0.4375 0.0828125 0.0796875
16 0.36015625 0.4375 0.078125 0.078125
36 0.42109375 0.43515625 0.0765625 0.078125
13 0.403125 0.384375 0.1015625 0.0796875
23 0.48359375 0.4359375 0.078125 0.078125
10 0.5484375 0.4328125 0.0796875 0.0796875
31 0.615625 0.43125 0.0890625 0.0828125
26 0.68359375 0.43046875 0.0984375 0.084375
8 0.75625 0.4296875 0.1 0.084375
18 0.8265625 0.43046875 0.10625 0.0859375