15 0.05546875 0.59609375 0.1046875 0.1046875
21 0.09609375 0.5703125 0.1046875 0.103125
13 0.13984375 0.53984375 0.1046875 0.1046875
12 0.18359375 0.51015625 0.10625 0.10625
12 0.23046875 0.48125 0.103125 0.1046875
15 0.2796875 0.45078125 0.1015625 0.1015625
16 0.32734375 0.41875 0.1015625 0.1015625
9 0.378125 0.3859375 0.1015625 0.103125
17 0.43046875 0.35 0.1 0.103125
20 0.4828125 0.315625 0.103125 0.1046875
22 0.5375 0.278125 0.1078125 0.109375
15 0.59296875 0.24296875 0.1140625 0.115625
36 0.65 0.20390625 0.115625 0.1140625
28 0.71015625 0.16640625 0.1265625 0.1265625