20 0.1234375 0.28828125 0.13125 0.121875
27 0.19921875 0.30390625 0.125 0.11875
28 0.27734375 0.31953125 0.121875 0.121875
7 0.3546875 0.33515625 0.1109375 0.1171875
23 0.42890625 0.35546875 0.103125 0.1109375
35 0.5015625 0.37109375 0.096875 0.1078125
32 0.5734375 0.3859375 0.09375 0.109375
22 0.64375 0.4 0.1015625 0.1109375
33 0.71484375 0.415625 0.1015625 0.1109375
29 0.78203125 0.43125 0.103125 0.109375
34 0.78515625 0.346875 0.125 0.1015625
7 0.8484375 0.45 0.10625 0.1078125
5 0.91484375 0.465625 0.109375 0.109375
7 0.96015625 0.48359375 0.078125 0.1109375