36 0.92265625 0.60703125 0.0765625 0.0734375
35 0.871875 0.603125 0.078125 0.071875
16 0.81953125 0.59921875 0.078125 0.071875
3 0.765625 0.5953125 0.078125 0.0765625
30 0.709375 0.590625 0.0765625 0.078125
34 0.64921875 0.58515625 0.078125 0.08125
30 0.58671875 0.57890625 0.078125 0.084375
24 0.5203125 0.5734375 0.075 0.0828125
36 0.45234375 0.57109375 0.0703125 0.0875
32 0.43515625 0.64765625 0.0984375 0.078125
11 0.3765625 0.5625 0.0765625 0.090625
14 0.29765625 0.5578125 0.0859375 0.0921875
19 0.215625 0.55078125 0.0984375 0.0953125
20 0.1296875 0.54375 0.10625 0.096875