11 0.14140625 0.675 0.1390625 0.140625
21 0.2171875 0.62109375 0.1265625 0.1296875
14 0.28046875 0.575 0.11875 0.121875
9 0.34453125 0.53203125 0.115625 0.1171875
12 0.403125 0.49140625 0.109375 0.1140625
32 0.45859375 0.453125 0.109375 0.1109375
19 0.50859375 0.41875 0.1015625 0.1046875
16 0.553125 0.384375 0.0984375 0.1015625
12 0.596875 0.3515625 0.1 0.1
36 0.5890625 0.26875 0.1109375 0.1015625
6 0.6390625 0.325 0.0953125 0.096875
13 0.684375 0.29765625 0.09375 0.096875
13 0.725 0.27109375 0.09375 0.09375
5 0.76640625 0.24453125 0.09375 0.0953125