3 0.1 0.32265625 0.1578125 0.15
3 0.18984375 0.34296875 0.1484375 0.134375
31 0.2828125 0.36015625 0.134375 0.1296875
29 0.36796875 0.3796875 0.125 0.125
28 0.44765625 0.3015625 0.1421875 0.1234375
20 0.4484375 0.396875 0.1109375 0.1203125
3 0.525 0.41328125 0.103125 0.1140625
14 0.59765625 0.43046875 0.1078125 0.1140625
32 0.66328125 0.44375 0.10625 0.1125
36 0.72578125 0.45625 0.10625 0.1078125
25 0.78828125 0.46953125 0.1015625 0.109375
14 0.840625 0.48046875 0.103125 0.1015625
8 0.89453125 0.4890625 0.103125 0.103125
33 0.94765625 0.49921875 0.103125 0.103125