28 0.621875 0.0640625 0.0859375 0.090625
32 0.62109375 0.1359375 0.0859375 0.0875
6 0.62109375 0.20625 0.084375 0.0875
7 0.62109375 0.2765625 0.084375 0.0828125
32 0.61875 0.34765625 0.0875 0.078125
18 0.61875 0.41953125 0.0828125 0.0703125
8 0.6171875 0.48828125 0.084375 0.0671875
6 0.615625 0.55703125 0.0796875 0.071875
11 0.615625 0.6203125 0.0796875 0.0703125
12 0.61484375 0.68828125 0.0828125 0.078125
11 0.615625 0.753125 0.0796875 0.078125
31 0.615625 0.81796875 0.0796875 0.08125
5 0.6125 0.88359375 0.0765625 0.0859375
36 0.6109375 0.94765625 0.0796875 0.0859375