32 0.0640625 0.5203125 0.128125 0.0875
16 0.15703125 0.5046875 0.11875 0.0828125
3 0.24921875 0.484375 0.1015625 0.0828125
11 0.334375 0.4671875 0.09375 0.084375
36 0.41796875 0.45 0.078125 0.0828125
30 0.4953125 0.434375 0.0765625 0.084375
29 0.57109375 0.428125 0.078125 0.0796875
14 0.63671875 0.4109375 0.0828125 0.08125
11 0.6375 0.34375 0.1140625 0.071875
22 0.7015625 0.39921875 0.084375 0.0765625
32 0.76484375 0.38203125 0.0828125 0.0765625
26 0.8203125 0.36875 0.0859375 0.071875
22 0.8765625 0.3609375 0.0875 0.0734375
14 0.928125 0.3484375 0.0875 0.0734375