28 0.553125 0.10390625 0.0984375 0.1203125
32 0.5703125 0.19453125 0.0921875 0.10625
6 0.590625 0.2765625 0.0921875 0.09375
7 0.60625 0.35546875 0.090625 0.084375
32 0.61875 0.43203125 0.090625 0.075
18 0.6359375 0.503125 0.090625 0.0703125
8 0.65 0.56953125 0.0859375 0.0671875
6 0.66328125 0.63046875 0.0859375 0.0734375
11 0.675 0.690625 0.084375 0.0703125
12 0.68515625 0.7453125 0.08125 0.0734375
11 0.69921875 0.7953125 0.078125 0.0703125
31 0.70703125 0.84453125 0.078125 0.0703125
5 0.71875 0.89375 0.0765625 0.071875
36 0.728125 0.9375 0.0765625 0.0703125