31 0.18671875 0.1828125 0.1140625 0.1140625
17 0.2328125 0.21953125 0.1140625 0.1125
8 0.278125 0.25703125 0.1140625 0.1125
17 0.32734375 0.296875 0.1171875 0.115625
15 0.37578125 0.33671875 0.115625 0.1140625
18 0.42734375 0.378125 0.1171875 0.1171875
11 0.4796875 0.42109375 0.1125 0.1140625
27 0.57578125 0.39375 0.134375 0.1296875
35 0.53359375 0.465625 0.1109375 0.1109375
26 0.58984375 0.5109375 0.1140625 0.1140625
20 0.646875 0.5578125 0.1171875 0.1171875
4 0.70859375 0.6078125 0.11875 0.11875
21 0.76953125 0.65703125 0.1234375 0.1234375
27 0.82890625 0.7078125 0.128125 0.128125