11 0.17265625 0.19453125 0.1078125 0.10625
21 0.21796875 0.2296875 0.109375 0.109375
14 0.265625 0.259375 0.109375 0.109375
9 0.3109375 0.2953125 0.109375 0.109375
12 0.35625 0.33046875 0.109375 0.109375
32 0.4046875 0.3671875 0.109375 0.109375
19 0.45546875 0.40703125 0.1125 0.1125
16 0.509375 0.446875 0.109375 0.109375
12 0.565625 0.4859375 0.109375 0.109375
36 0.64921875 0.4421875 0.128125 0.11875
6 0.625 0.528125 0.1140625 0.115625
13 0.684375 0.58046875 0.1203125 0.121875
13 0.75 0.6328125 0.1375 0.134375
5 0.8140625 0.6921875 0.140625 0.1375