26 0.04453125 0.48984375 0.0890625 0.1015625
25 0.10234375 0.484375 0.1 0.0953125
9 0.17265625 0.47578125 0.096875 0.096875
13 0.24453125 0.4671875 0.096875 0.0984375
5 0.31875 0.459375 0.09375 0.096875
4 0.3890625 0.453125 0.0890625 0.0953125
22 0.4625 0.44375 0.0875 0.0984375
18 0.53515625 0.43828125 0.0875 0.09375
16 0.6078125 0.43046875 0.09375 0.0984375
5 0.6515625 0.34765625 0.125 0.0921875
33 0.68203125 0.41953125 0.096875 0.09375
3 0.7546875 0.415625 0.109375 0.1015625
22 0.83125 0.4078125 0.109375 0.1015625
23 0.90703125 0.40234375 0.1140625 0.1