15 0.06875 0.6421875 0.10625 0.10625
21 0.10625 0.61171875 0.1046875 0.1046875
13 0.146875 0.57734375 0.10625 0.10625
12 0.1859375 0.54375 0.10625 0.1078125
12 0.2296875 0.509375 0.1046875 0.10625
15 0.27578125 0.47421875 0.103125 0.103125
16 0.3203125 0.43671875 0.1015625 0.103125
9 0.36640625 0.3984375 0.103125 0.103125
17 0.41484375 0.35859375 0.1015625 0.103125
20 0.4640625 0.31875 0.103125 0.1046875
22 0.5140625 0.27578125 0.109375 0.1109375
15 0.565625 0.23515625 0.1171875 0.1171875
36 0.61875 0.18984375 0.1171875 0.1171875
28 0.67421875 0.14609375 0.128125 0.128125