11 0.04296875 0.4953125 0.0859375 0.06875
32 0.10859375 0.490625 0.109375 0.0671875
12 0.1875 0.48515625 0.1 0.0703125
28 0.2640625 0.48046875 0.09375 0.0703125
25 0.340625 0.475 0.084375 0.06875
34 0.41484375 0.47109375 0.0765625 0.0671875
6 0.49140625 0.465625 0.0765625 0.0671875
4 0.5140625 0.3984375 0.10625 0.06875
3 0.56328125 0.4609375 0.078125 0.0703125
33 0.63515625 0.45625 0.0828125 0.0671875
16 0.70546875 0.45234375 0.0875 0.0671875
21 0.775 0.44609375 0.0875 0.0640625
31 0.8421875 0.44140625 0.090625 0.06875
18 0.90625 0.4375 0.0953125 0.0671875