21 0.18203125 0.2390625 0.1015625 0.1046875
12 0.23125 0.26796875 0.1015625 0.10625
33 0.28359375 0.3 0.0984375 0.10625
8 0.334375 0.328125 0.1 0.1078125
32 0.3890625 0.36171875 0.0953125 0.1046875
33 0.44453125 0.39375 0.0953125 0.1046875
4 0.50390625 0.425 0.0953125 0.10625
25 0.56328125 0.4609375 0.0984375 0.1078125
36 0.62421875 0.4984375 0.109375 0.1109375
12 0.690625 0.53125 0.115625 0.1171875
7 0.753125 0.56953125 0.121875 0.121875
24 0.81953125 0.6078125 0.125 0.1203125
30 0.8890625 0.64609375 0.134375 0.128125