24 0.3859375 0.875 0.0796875 0.071875
29 0.390625 0.82265625 0.078125 0.0734375
23 0.3953125 0.7703125 0.08125 0.0734375
22 0.39921875 0.71484375 0.0828125 0.075
31 0.4046875 0.65546875 0.0859375 0.071875
5 0.40859375 0.59453125 0.0859375 0.071875
18 0.41328125 0.53359375 0.0875 0.0703125
6 0.41953125 0.4671875 0.0890625 0.071875
22 0.3375 0.4109375 0.0765625 0.1015625
31 0.4234375 0.39921875 0.0921875 0.075
36 0.43046875 0.32265625 0.0953125 0.078125
31 0.43828125 0.24453125 0.0953125 0.090625
18 0.4453125 0.1640625 0.1015625 0.0953125
7 0.45234375 0.0765625 0.103125 0.1046875