5 0.0640625 0.37890625 0.1109375 0.0921875
20 0.14140625 0.384375 0.1078125 0.0890625
8 0.2171875 0.3921875 0.1 0.090625
13 0.290625 0.39921875 0.0984375 0.0890625
7 0.36640625 0.403125 0.090625 0.0875
35 0.4390625 0.409375 0.08125 0.0828125
26 0.5109375 0.41328125 0.0828125 0.0859375
34 0.5828125 0.4203125 0.078125 0.0875
4 0.64765625 0.42578125 0.084375 0.0875
33 0.7171875 0.4296875 0.0875 0.0828125
12 0.78125 0.4359375 0.090625 0.084375
4 0.846875 0.4421875 0.0921875 0.084375
19 0.90859375 0.44609375 0.0953125 0.0828125
24 0.9609375 0.44765625 0.0765625 0.0796875