7 0.059375 0.45234375 0.1140625 0.090625
21 0.13984375 0.44609375 0.1078125 0.0859375
15 0.21796875 0.4390625 0.1 0.0859375
14 0.2953125 0.4328125 0.09375 0.0875
8 0.3734375 0.42734375 0.0859375 0.0859375
32 0.4484375 0.425 0.078125 0.084375
25 0.5203125 0.3421875 0.1078125 0.0828125
23 0.52265625 0.41484375 0.078125 0.090625
5 0.5953125 0.4109375 0.0828125 0.084375
36 0.6671875 0.40703125 0.0875 0.0828125
36 0.73515625 0.39921875 0.090625 0.0828125
8 0.803125 0.3953125 0.0921875 0.078125
17 0.8703125 0.38984375 0.09375 0.078125
25 0.9328125 0.3859375 0.0984375 0.0796875