30 0.21015625 0.1375 0.1171875 0.11875
27 0.25390625 0.1796875 0.1171875 0.1171875
35 0.303125 0.228125 0.1203125 0.1203125
12 0.3546875 0.27421875 0.121875 0.121875
28 0.4046875 0.32109375 0.11875 0.11875
14 0.45546875 0.3703125 0.11875 0.11875
27 0.50625 0.4171875 0.115625 0.115625
7 0.58125 0.384375 0.125 0.125
24 0.55546875 0.4671875 0.109375 0.109375
13 0.60703125 0.51640625 0.109375 0.109375
11 0.659375 0.5640625 0.1140625 0.1140625
18 0.7109375 0.615625 0.11875 0.11875
6 0.76171875 0.66484375 0.121875 0.121875
22 0.81328125 0.71640625 0.125 0.125