25 0.0859375 0.4390625 0.09375 0.0859375
32 0.1359375 0.434375 0.0921875 0.084375
8 0.1890625 0.428125 0.0953125 0.0875
34 0.2453125 0.42109375 0.09375 0.0890625
28 0.303125 0.41640625 0.0921875 0.0890625
29 0.3640625 0.409375 0.0890625 0.0890625
35 0.42578125 0.40546875 0.0859375 0.090625
19 0.40546875 0.340625 0.1109375 0.0921875
18 0.48984375 0.39765625 0.0859375 0.0890625
19 0.5578125 0.38671875 0.0875 0.0984375
34 0.63203125 0.38125 0.09375 0.09375
36 0.70390625 0.371875 0.1046875 0.096875
24 0.7828125 0.3609375 0.10625 0.0984375
27 0.8640625 0.35234375 0.125 0.109375