20 0.06953125 0.54375 0.134375 0.125
27 0.14140625 0.51171875 0.128125 0.1234375
28 0.2140625 0.4796875 0.125 0.125
7 0.28671875 0.44921875 0.1140625 0.11875
23 0.3578125 0.42265625 0.10625 0.1140625
35 0.428125 0.39375 0.1 0.1109375
32 0.49453125 0.3640625 0.0984375 0.1109375
22 0.56015625 0.33671875 0.1046875 0.1140625
33 0.628125 0.30859375 0.10625 0.1140625
29 0.6921875 0.28203125 0.10625 0.1109375
34 0.6453125 0.21171875 0.1265625 0.10625
7 0.75703125 0.26015625 0.109375 0.1109375
5 0.81953125 0.234375 0.1109375 0.1109375
7 0.88046875 0.2125 0.1140625 0.1140625