10 0.05625 0.61328125 0.109375 0.109375
33 0.10859375 0.5875 0.1078125 0.1078125
9 0.16328125 0.55859375 0.1109375 0.1109375
29 0.215625 0.52890625 0.10625 0.109375
28 0.271875 0.50078125 0.10625 0.1109375
7 0.328125 0.47265625 0.1078125 0.1109375
27 0.38671875 0.4453125 0.10625 0.109375
5 0.3734375 0.37109375 0.11875 0.1109375
21 0.44921875 0.4140625 0.1 0.103125
10 0.50859375 0.38203125 0.109375 0.1140625
19 0.571875 0.35 0.1140625 0.115625
20 0.63828125 0.315625 0.11875 0.11875
13 0.7046875 0.28046875 0.125 0.121875
8 0.77734375 0.24375 0.134375 0.13125