25 0.11640625 0.43671875 0.1734375 0.1734375
32 0.21796875 0.4515625 0.1578125 0.1578125
8 0.31953125 0.4625 0.1390625 0.1484375
34 0.40625 0.475 0.11875 0.134375
28 0.4875 0.4859375 0.1109375 0.1265625
29 0.5609375 0.496875 0.10625 0.125
19 0.675 0.434375 0.128125 0.1265625
35 0.62578125 0.5046875 0.10625 0.1203125
18 0.68671875 0.5140625 0.1046875 0.11875
19 0.7453125 0.51796875 0.1 0.1140625
34 0.79453125 0.52421875 0.096875 0.1109375
36 0.84296875 0.5296875 0.090625 0.1046875
24 0.8859375 0.534375 0.090625 0.1015625
27 0.928125 0.5390625 0.0890625 0.1