26 0.0734375 0.659375 0.1171875 0.109375
24 0.1328125 0.6265625 0.121875 0.1125
19 0.19609375 0.59453125 0.11875 0.109375
15 0.25859375 0.56328125 0.1140625 0.10625
18 0.31953125 0.5296875 0.10625 0.103125
20 0.38046875 0.4984375 0.1015625 0.1015625
13 0.4390625 0.46796875 0.0921875 0.0953125
35 0.49765625 0.4375 0.09375 0.0953125
14 0.5546875 0.40703125 0.09375 0.09375
32 0.6109375 0.38046875 0.0953125 0.09375
35 0.665625 0.35 0.096875 0.0953125
25 0.721875 0.3203125 0.1 0.0984375
22 0.778125 0.2921875 0.10625 0.1015625
34 0.8296875 0.2640625 0.1109375 0.103125