11 0.0421875 0.415625 0.084375 0.09375
21 0.11015625 0.4203125 0.090625 0.0890625
14 0.18671875 0.4171875 0.084375 0.090625
9 0.25859375 0.421875 0.0828125 0.090625
12 0.32890625 0.42265625 0.0765625 0.0875
32 0.4015625 0.4265625 0.075 0.0875
19 0.471875 0.428125 0.071875 0.0859375
16 0.54296875 0.434375 0.071875 0.0859375
12 0.6109375 0.4328125 0.0828125 0.0875
36 0.66171875 0.35234375 0.1046875 0.071875
6 0.6828125 0.4328125 0.0828125 0.0875
13 0.7546875 0.44140625 0.0859375 0.084375
13 0.8265625 0.44609375 0.0859375 0.0875
5 0.89453125 0.45390625 0.0875 0.0859375