22 0.04296875 0.42734375 0.0859375 0.0625
23 0.0984375 0.42734375 0.0875 0.0625
23 0.153125 0.42734375 0.0875 0.065625
17 0.2109375 0.4265625 0.0796875 0.0640625
13 0.27265625 0.4265625 0.0828125 0.0640625
25 0.3328125 0.42734375 0.078125 0.0625
16 0.3921875 0.42734375 0.0734375 0.0625
21 0.45390625 0.42734375 0.0703125 0.0625
10 0.5171875 0.4265625 0.0671875 0.0640625
30 0.58203125 0.42578125 0.0671875 0.06875
25 0.6484375 0.428125 0.0703125 0.06875
31 0.71484375 0.42890625 0.078125 0.0671875
30 0.78515625 0.428125 0.0796875 0.0703125
18 0.85546875 0.43046875 0.0875 0.0703125