35 0.07421875 0.44453125 0.090625 0.1265625
20 0.4015625 0.3921875 0.1171875 0.134375
19 0.79140625 0.3640625 0.1640625 0.1625
10 0.19609375 0.6890625 0.121875 0.0796875
15 0.3296875 0.6375 0.1140625 0.1046875
36 0.425 0.58203125 0.1328125 0.10625
21 0.29296875 0.74296875 0.115625 0.0953125
12 0.46640625 0.69609375 0.109375 0.0984375
9 0.6609375 0.73671875 0.1296875 0.1015625
23 0.7515625 0.78203125 0.1328125 0.0890625
28 0.740625 0.603125 0.1421875 0.1265625
8 0.83046875 0.67109375 0.0984375 0.109375