11 0.2359375 0.1375 0.109375 0.109375
21 0.27421875 0.18046875 0.1125 0.1125
14 0.315625 0.21953125 0.1125 0.1125
9 0.353125 0.2625 0.1125 0.1125
12 0.39140625 0.30625 0.1125 0.1125
32 0.43125 0.35234375 0.1125 0.1125
19 0.47421875 0.4 0.1140625 0.1140625
16 0.5203125 0.4484375 0.1125 0.1125
12 0.5671875 0.49921875 0.1109375 0.1109375
36 0.65703125 0.471875 0.1265625 0.1265625
6 0.61796875 0.5515625 0.1171875 0.1171875
13 0.66484375 0.61484375 0.1234375 0.125
13 0.7203125 0.678125 0.1390625 0.1390625
5 0.771875 0.7484375 0.1421875 0.1421875