33 0.5265625 0.15703125 0.1015625 0.1078125
21 0.534375 0.24765625 0.1015625 0.096875
32 0.5421875 0.33515625 0.0953125 0.0828125
26 0.54609375 0.41484375 0.090625 0.078125
32 0.553125 0.4875 0.0921875 0.0765625
10 0.55703125 0.55546875 0.090625 0.078125
36 0.5640625 0.6171875 0.0875 0.078125
34 0.56953125 0.6765625 0.0828125 0.078125
29 0.64921875 0.7140625 0.0671875 0.109375
29 0.571875 0.7359375 0.08125 0.0796875
28 0.5734375 0.790625 0.078125 0.0765625
26 0.5765625 0.84296875 0.078125 0.0703125
4 0.58046875 0.89140625 0.075 0.071875
19 0.584375 0.93671875 0.0765625 0.071875