15 0.05234375 0.5515625 0.1046875 0.1203125
21 0.115625 0.5265625 0.121875 0.1171875
13 0.18984375 0.49765625 0.1171875 0.1140625
12 0.26171875 0.471875 0.115625 0.1171875
12 0.33359375 0.4484375 0.1140625 0.1171875
15 0.4 0.425 0.1015625 0.1078125
16 0.46796875 0.4 0.09375 0.103125
9 0.53515625 0.37578125 0.1 0.1078125
17 0.59765625 0.35234375 0.1 0.10625
20 0.6625 0.328125 0.103125 0.1078125
22 0.7203125 0.3078125 0.103125 0.1046875
15 0.78125 0.28515625 0.103125 0.10625
36 0.8375 0.265625 0.10625 0.10625
28 0.89375 0.2453125 0.103125 0.103125