5 0.3421875 0.925 0.0703125 0.08125
20 0.34765625 0.8765625 0.0703125 0.078125
8 0.353125 0.8234375 0.0734375 0.0765625
13 0.3578125 0.76875 0.075 0.078125
7 0.3640625 0.71328125 0.0765625 0.0796875
35 0.3703125 0.6546875 0.0796875 0.0796875
26 0.3765625 0.59140625 0.078125 0.075
34 0.38203125 0.5265625 0.0828125 0.0734375
4 0.3890625 0.46171875 0.08125 0.0703125
33 0.39375 0.390625 0.084375 0.0765625
12 0.40078125 0.31640625 0.08125 0.078125
4 0.409375 0.24140625 0.0859375 0.090625
19 0.415625 0.15859375 0.090625 0.096875
24 0.4265625 0.078125 0.090625 0.10625