3 0.0984375 0.6375 0.125 0.1078125
12 0.1625 0.59921875 0.1171875 0.1046875
10 0.225 0.5609375 0.1109375 0.1015625
20 0.2859375 0.5203125 0.109375 0.1
13 0.3484375 0.48359375 0.1015625 0.096875
9 0.4109375 0.45078125 0.09375 0.090625
16 0.47421875 0.4140625 0.0953125 0.0875
33 0.4984375 0.32890625 0.1234375 0.1015625
6 0.5359375 0.3765625 0.096875 0.090625
30 0.59453125 0.3375 0.1046875 0.096875
15 0.65546875 0.3015625 0.1078125 0.0984375
12 0.71484375 0.26640625 0.1109375 0.1
3 0.77421875 0.23125 0.1171875 0.103125
26 0.83203125 0.19609375 0.121875 0.10625