16 0.1 0.4078125 0.10625 0.096875
4 0.18125 0.4109375 0.1015625 0.09375
11 0.25859375 0.415625 0.0953125 0.09375
9 0.3375 0.41796875 0.090625 0.09375
14 0.41328125 0.421875 0.0828125 0.090625
10 0.4875 0.42421875 0.0828125 0.0890625
20 0.55859375 0.4296875 0.0828125 0.0921875
12 0.62890625 0.4328125 0.084375 0.0859375
6 0.66171875 0.35859375 0.1125 0.078125
7 0.6984375 0.43046875 0.0875 0.090625
24 0.76640625 0.434375 0.0875 0.090625
15 0.83203125 0.43671875 0.090625 0.0875
12 0.89375 0.440625 0.090625 0.0875
3 0.9546875 0.4421875 0.0875 0.0859375