21 0.19140625 0.40390625 0.1390625 0.1296875
19 0.37734375 0.3296875 0.1203125 0.0875
18 0.24140625 0.5546875 0.128125 0.1375
17 0.3359375 0.63828125 0.1296875 0.0984375
15 0.4359375 0.75859375 0.1421875 0.1578125
35 0.4828125 0.4640625 0.1375 0.1359375
29 0.59375 0.28515625 0.1296875 0.1234375
8 0.63046875 0.5375 0.1328125 0.109375
28 0.56171875 0.6609375 0.1359375 0.1140625
25 0.69375 0.74140625 0.1453125 0.1375
29 0.7453125 0.63359375 0.1390625 0.1375
30 0.87578125 0.59296875 0.0921875 0.1265625