3 0.075 0.3984375 0.14375 0.1296875
12 0.17109375 0.39921875 0.1375 0.121875
10 0.2703125 0.3984375 0.1171875 0.115625
20 0.3609375 0.4015625 0.1046875 0.109375
13 0.44609375 0.40234375 0.1 0.109375
9 0.5234375 0.40703125 0.1 0.10625
16 0.59609375 0.40859375 0.0984375 0.1046875
33 0.6859375 0.3421875 0.121875 0.1015625
6 0.6640625 0.40859375 0.1015625 0.0984375
30 0.72734375 0.409375 0.0984375 0.0984375
15 0.78671875 0.409375 0.0984375 0.0984375
12 0.8421875 0.41015625 0.0953125 0.09375
3 0.89765625 0.4109375 0.0953125 0.0921875
26 0.94453125 0.4125 0.0953125 0.090625