18 0.05859375 0.4625 0.1171875 0.0875
21 0.13828125 0.4578125 0.109375 0.0828125
5 0.21953125 0.45078125 0.103125 0.0828125
6 0.2984375 0.44453125 0.096875 0.084375
23 0.37578125 0.43984375 0.09375 0.08125
30 0.45234375 0.434375 0.0828125 0.0828125
22 0.5265625 0.428125 0.075 0.08125
30 0.603125 0.42265625 0.0828125 0.0828125
11 0.67734375 0.41796875 0.0828125 0.084375
17 0.74921875 0.41171875 0.0859375 0.08125
8 0.78515625 0.33828125 0.121875 0.0671875
27 0.81953125 0.4078125 0.0859375 0.078125
11 0.8875 0.403125 0.090625 0.0765625
3 0.953125 0.39921875 0.0921875 0.078125