5 0.0578125 0.4125 0.0921875 0.0765625
26 0.115625 0.4109375 0.0890625 0.0765625
13 0.17421875 0.4109375 0.0890625 0.0796875
5 0.23359375 0.4109375 0.090625 0.0828125
33 0.29453125 0.415625 0.0859375 0.08125
18 0.36015625 0.415625 0.0890625 0.0859375
11 0.428125 0.41484375 0.0828125 0.0859375
21 0.4984375 0.42109375 0.078125 0.08125
33 0.47265625 0.35 0.109375 0.075
26 0.571875 0.41953125 0.08125 0.08125
35 0.64765625 0.41875 0.0859375 0.0859375
23 0.7296875 0.4125 0.096875 0.090625
29 0.81171875 0.4109375 0.1046875 0.09375
18 0.89296875 0.4109375 0.1140625 0.0984375