3 0.07109375 0.65 0.1140625 0.10625
12 0.1234375 0.6171875 0.1140625 0.1078125
10 0.17109375 0.5828125 0.1140625 0.109375
20 0.221875 0.5515625 0.1125 0.10625
13 0.2765625 0.51640625 0.109375 0.1078125
9 0.33125 0.48359375 0.1125 0.1109375
16 0.38984375 0.4484375 0.10625 0.1046875
33 0.38984375 0.371875 0.1265625 0.115625
6 0.45 0.4125 0.1015625 0.1015625
30 0.5109375 0.3703125 0.10625 0.1046875
15 0.5765625 0.32734375 0.1109375 0.109375
12 0.6421875 0.284375 0.1171875 0.1140625
3 0.71171875 0.24296875 0.1234375 0.1171875
26 0.7828125 0.196875 0.1375 0.1296875