5 0.4359375 0.95234375 0.0828125 0.0859375
35 0.43671875 0.88984375 0.084375 0.0890625
14 0.43828125 0.8296875 0.0828125 0.0875
4 0.4390625 0.765625 0.0859375 0.0859375
17 0.43828125 0.70078125 0.0859375 0.0875
9 0.43828125 0.63125 0.0875 0.0859375
3 0.43984375 0.5625 0.0875 0.0828125
5 0.4421875 0.4890625 0.0890625 0.078125
35 0.35859375 0.48984375 0.078125 0.109375
34 0.44140625 0.41484375 0.090625 0.0765625
21 0.44375 0.33671875 0.09375 0.084375
11 0.44453125 0.25703125 0.0953125 0.090625
24 0.44453125 0.1734375 0.096875 0.09375
21 0.4484375 0.08984375 0.0953125 0.10625