30 0.8265625 0.45234375 0.1265625 0.153125
27 0.71875 0.471875 0.109375 0.140625
35 0.61953125 0.490625 0.0875 0.1265625
12 0.540625 0.50859375 0.0765625 0.121875
28 0.46953125 0.52421875 0.075 0.1109375
14 0.4046875 0.5359375 0.0703125 0.1078125
27 0.3484375 0.5484375 0.0671875 0.1
7 0.3109375 0.6375 0.0859375 0.0796875
24 0.296875 0.559375 0.0640625 0.0984375
13 0.25 0.56953125 0.0609375 0.0921875
11 0.2078125 0.5765625 0.05625 0.0890625
18 0.1671875 0.58515625 0.05625 0.084375
6 0.13359375 0.59140625 0.053125 0.08125
22 0.09765625 0.596875 0.0515625 0.0765625