15 0.07734375 0.48671875 0.1265625 0.103125
21 0.16875 0.4671875 0.1109375 0.103125
13 0.259375 0.45 0.096875 0.0984375
12 0.33984375 0.43828125 0.090625 0.09375
12 0.42109375 0.4265625 0.0828125 0.09375
15 0.496875 0.41328125 0.0734375 0.09375
16 0.5625 0.40078125 0.0765625 0.090625
9 0.62578125 0.38828125 0.0765625 0.0859375
17 0.6859375 0.3796875 0.075 0.078125
20 0.7390625 0.36796875 0.075 0.0796875
22 0.79609375 0.36015625 0.0765625 0.078125
15 0.84765625 0.35 0.0765625 0.075
36 0.89453125 0.34296875 0.0703125 0.075
28 0.940625 0.3328125 0.0765625 0.075