36 0.21171875 0.1359375 0.1109375 0.1046875
35 0.25859375 0.178125 0.1109375 0.1046875
16 0.30546875 0.21875 0.10625 0.1015625
3 0.35078125 0.26015625 0.10625 0.103125
30 0.39921875 0.30390625 0.1046875 0.1015625
34 0.44765625 0.3484375 0.103125 0.1015625
30 0.496875 0.39375 0.0984375 0.0984375
24 0.54765625 0.440625 0.09375 0.09375
36 0.59921875 0.48515625 0.0953125 0.09375
32 0.65703125 0.44921875 0.125 0.11875
11 0.65078125 0.5328125 0.1046875 0.1015625
14 0.70546875 0.58203125 0.1109375 0.10625
19 0.759375 0.63125 0.115625 0.109375
20 0.8140625 0.68046875 0.11875 0.1109375