15 0.309375 0.91328125 0.0734375 0.0765625
21 0.31328125 0.86484375 0.0734375 0.075
13 0.3140625 0.8109375 0.0765625 0.0734375
12 0.3171875 0.759375 0.078125 0.0734375
12 0.321875 0.70390625 0.078125 0.0703125
15 0.32734375 0.646875 0.075 0.0703125
16 0.33046875 0.58828125 0.078125 0.0671875
9 0.334375 0.52890625 0.078125 0.0671875
17 0.33828125 0.465625 0.08125 0.0640625
20 0.34296875 0.403125 0.078125 0.0703125
22 0.34453125 0.3375 0.0828125 0.0734375
15 0.35078125 0.27109375 0.0859375 0.0796875
36 0.35390625 0.2015625 0.08125 0.0828125
28 0.359375 0.13125 0.0875 0.0921875