5 0.121875 0.25078125 0.1265625 0.1171875
20 0.19453125 0.27890625 0.1234375 0.1125
8 0.26484375 0.31015625 0.1171875 0.1125
13 0.3328125 0.3390625 0.1140625 0.109375
7 0.403125 0.36640625 0.109375 0.10625
35 0.46953125 0.39453125 0.0984375 0.1
26 0.5375 0.4203125 0.1 0.1015625
34 0.603125 0.45 0.0984375 0.1015625
4 0.66328125 0.47421875 0.1015625 0.1046875
33 0.728125 0.5 0.103125 0.1
12 0.7875 0.52578125 0.10625 0.103125
4 0.8484375 0.55234375 0.1078125 0.103125
19 0.90546875 0.575 0.1109375 0.103125
24 0.95390625 0.59453125 0.090625 0.0984375