6 0.19609375 0.19453125 0.109375 0.103125
7 0.24375 0.225 0.1109375 0.10625
25 0.28984375 0.25859375 0.1109375 0.10625
19 0.3390625 0.290625 0.1140625 0.109375
28 0.3921875 0.3265625 0.109375 0.10625
17 0.44609375 0.3625 0.1125 0.109375
10 0.44609375 0.27421875 0.1296875 0.1140625
9 0.50078125 0.40078125 0.109375 0.109375
36 0.55390625 0.4453125 0.1015625 0.1015625
34 0.61796875 0.48984375 0.10625 0.10625
5 0.6859375 0.5328125 0.115625 0.1109375
7 0.75078125 0.5796875 0.125 0.121875
13 0.8234375 0.6296875 0.1328125 0.125
6 0.89921875 0.6796875 0.1421875 0.1328125