32 0.06875 0.4546875 0.1140625 0.0578125
16 0.14765625 0.45 0.1046875 0.05625
3 0.22109375 0.446875 0.0984375 0.0578125
11 0.2984375 0.4421875 0.0890625 0.05625
36 0.371875 0.43828125 0.084375 0.0546875
30 0.4453125 0.434375 0.075 0.05625
29 0.52109375 0.43828125 0.0734375 0.059375
11 0.584375 0.3734375 0.1109375 0.0515625
14 0.59453125 0.434375 0.08125 0.05625
22 0.665625 0.4265625 0.0828125 0.0625
32 0.7359375 0.41875 0.0875 0.0625
26 0.8078125 0.4140625 0.09375 0.0625
22 0.87578125 0.4125 0.1015625 0.0578125
14 0.94375 0.40703125 0.1046875 0.0578125