6 0.534375 0.92734375 0.1375 0.14375
7 0.5046875 0.81171875 0.134375 0.1296875
25 0.48515625 0.7015625 0.125 0.109375
19 0.46328125 0.60234375 0.11875 0.09375
28 0.44375 0.5171875 0.1140625 0.0890625
17 0.42734375 0.44140625 0.109375 0.0875
10 0.3359375 0.4640625 0.0953125 0.121875
9 0.41171875 0.37265625 0.1015625 0.0859375
36 0.403125 0.30234375 0.0984375 0.0859375
34 0.38828125 0.2453125 0.096875 0.0828125
5 0.3765625 0.1921875 0.090625 0.0828125
7 0.36796875 0.14609375 0.0859375 0.0734375
13 0.36015625 0.10234375 0.0828125 0.078125
6 0.35 0.0640625 0.08125 0.075