6 0.075 0.45703125 0.1078125 0.0671875
7 0.153125 0.453125 0.1015625 0.0640625
25 0.228125 0.4515625 0.09375 0.0640625
19 0.30390625 0.446875 0.0875 0.0625
28 0.378125 0.44296875 0.0796875 0.0703125
10 0.4125 0.3734375 0.109375 0.0578125
17 0.45 0.4390625 0.0734375 0.0671875
9 0.52265625 0.4359375 0.0734375 0.0671875
36 0.5984375 0.43828125 0.08125 0.06875
34 0.66953125 0.4359375 0.0859375 0.06875
5 0.74140625 0.43125 0.090625 0.0671875
7 0.809375 0.428125 0.09375 0.06875
13 0.87734375 0.42734375 0.0953125 0.0671875
6 0.94453125 0.42421875 0.103125 0.0671875