25 0.06953125 0.3796875 0.0796875 0.0828125
28 0.12734375 0.3859375 0.0796875 0.08125
30 0.18671875 0.390625 0.0765625 0.084375
35 0.246875 0.396875 0.0765625 0.084375
6 0.3078125 0.40546875 0.078125 0.0875
28 0.3734375 0.4140625 0.075 0.0875
9 0.44140625 0.421875 0.071875 0.090625
23 0.5125 0.43046875 0.0734375 0.09375
3 0.51875 0.3515625 0.096875 0.084375
16 0.58515625 0.44140625 0.078125 0.090625
13 0.665625 0.45234375 0.090625 0.09375
8 0.74609375 0.4578125 0.0953125 0.1
31 0.83203125 0.471875 0.10625 0.1
21 0.91875 0.48046875 0.1109375 0.1