33 0.59453125 0.9328125 0.0859375 0.1328125
5 0.5609375 0.8515625 0.0890625 0.13125
29 0.52890625 0.76484375 0.09375 0.1140625
25 0.4984375 0.68203125 0.090625 0.0984375
6 0.4671875 0.6046875 0.0875 0.0859375
16 0.4421875 0.53046875 0.0890625 0.0734375
36 0.41484375 0.4609375 0.090625 0.071875
13 0.346875 0.45703125 0.096875 0.1
23 0.38984375 0.3921875 0.0921875 0.0734375
10 0.36796875 0.32734375 0.090625 0.0734375
31 0.3453125 0.26640625 0.090625 0.075
26 0.3265625 0.20625 0.0859375 0.075
8 0.30703125 0.15 0.0859375 0.0796875
18 0.2875 0.09609375 0.0859375 0.08125