31 0.1421875 0.7609375 0.140625 0.140625
17 0.2 0.7046875 0.1359375 0.1359375
8 0.25546875 0.64609375 0.1359375 0.1359375
17 0.3125 0.5875 0.13125 0.13125
15 0.3671875 0.53203125 0.121875 0.121875
18 0.4203125 0.478125 0.11875 0.11875
11 0.475 0.4234375 0.115625 0.115625
35 0.428125 0.3546875 0.1328125 0.13125
21 0.525 0.3703125 0.1203125 0.1203125
27 0.5765625 0.31875 0.121875 0.121875
27 0.628125 0.26953125 0.1234375 0.1234375
26 0.678125 0.21953125 0.121875 0.121875
20 0.72578125 0.17109375 0.1234375 0.1234375
4 0.77265625 0.12734375 0.125 0.1265625