9 0.07734375 0.32109375 0.096875 0.0890625
22 0.13203125 0.33359375 0.090625 0.090625
31 0.1859375 0.34765625 0.090625 0.0921875
29 0.24296875 0.3609375 0.096875 0.09375
20 0.3015625 0.37578125 0.1 0.09375
24 0.3703125 0.3890625 0.0953125 0.096875
7 0.43515625 0.403125 0.09375 0.1
26 0.50625 0.41875 0.09375 0.1
19 0.5734375 0.35234375 0.1171875 0.09375
22 0.58203125 0.4328125 0.0875 0.1046875
27 0.6578125 0.4546875 0.0953125 0.1046875
30 0.73984375 0.471875 0.109375 0.1109375
17 0.8265625 0.49375 0.1171875 0.1109375
24 0.91484375 0.51171875 0.13125 0.115625