26 0.04765625 0.4484375 0.09375 0.08125
24 0.11484375 0.44609375 0.1015625 0.08125
19 0.1859375 0.446875 0.0984375 0.0796875
15 0.25703125 0.44609375 0.09375 0.078125
18 0.3265625 0.44375 0.0859375 0.0796875
20 0.39375 0.44453125 0.0796875 0.078125
13 0.4609375 0.44375 0.0703125 0.075
35 0.5265625 0.44375 0.0703125 0.0765625
14 0.590625 0.44140625 0.071875 0.075
32 0.65390625 0.44375 0.075 0.075
35 0.715625 0.440625 0.0765625 0.075
25 0.7796875 0.440625 0.0796875 0.075
22 0.8421875 0.440625 0.0859375 0.0765625
34 0.90078125 0.43984375 0.090625 0.075