31 0.10859375 0.56640625 0.175 0.178125
17 0.21875 0.521875 0.153125 0.1640625
8 0.32109375 0.478125 0.1296875 0.1484375
17 0.40859375 0.4390625 0.1203125 0.1390625
15 0.484375 0.40625 0.115625 0.134375
18 0.553125 0.3765625 0.1140625 0.1265625
11 0.6125 0.35 0.1078125 0.121875
35 0.628125 0.253125 0.121875 0.1140625
21 0.67109375 0.32421875 0.10625 0.1171875
27 0.7203125 0.30234375 0.103125 0.1109375
27 0.76875 0.2828125 0.0984375 0.1078125
26 0.81171875 0.2640625 0.0890625 0.1
20 0.85390625 0.246875 0.0875 0.0984375
4 0.89375 0.234375 0.090625 0.1