31 0.12578125 0.6328125 0.1921875 0.19375
17 0.2265625 0.5703125 0.16875 0.1765625
8 0.3203125 0.509375 0.1453125 0.1578125
17 0.4 0.45625 0.1328125 0.146875
15 0.46875 0.41015625 0.1296875 0.1421875
18 0.53046875 0.36953125 0.125 0.1359375
11 0.584375 0.3328125 0.1203125 0.1296875
35 0.5828125 0.234375 0.1296875 0.125
21 0.6375 0.296875 0.1171875 0.125
27 0.6828125 0.2671875 0.1140625 0.11875
27 0.7265625 0.2390625 0.109375 0.115625
26 0.76640625 0.21328125 0.0984375 0.10625
20 0.80546875 0.18984375 0.096875 0.1046875
4 0.8421875 0.1703125 0.1015625 0.1078125