17 0.1234375 0.3046875 0.203125 0.2015625
15 0.23359375 0.34375 0.178125 0.18125
10 0.33515625 0.38125 0.1578125 0.165625
31 0.42421875 0.41015625 0.140625 0.15
4 0.50546875 0.43828125 0.125 0.1359375
12 0.57578125 0.46171875 0.1203125 0.13125
3 0.64140625 0.48046875 0.1203125 0.1296875
30 0.7140625 0.4171875 0.1359375 0.13125
30 0.7 0.49921875 0.1171875 0.125
6 0.753125 0.51796875 0.1109375 0.1203125
19 0.8015625 0.53359375 0.103125 0.1109375
21 0.84609375 0.54765625 0.103125 0.109375
13 0.8875 0.56328125 0.0984375 0.10625
24 0.92578125 0.575 0.09375 0.1015625