5 0.0875 0.4515625 0.0921875 0.090625
35 0.165625 0.4546875 0.0875 0.090625
14 0.23984375 0.4546875 0.08125 0.0875
4 0.31328125 0.45625 0.08125 0.0875
17 0.38671875 0.459375 0.075 0.0859375
9 0.45859375 0.4625 0.075 0.084375
3 0.528125 0.4640625 0.075 0.0859375
35 0.609375 0.390625 0.1015625 0.0671875
5 0.5953125 0.4671875 0.0765625 0.078125
34 0.6640625 0.4671875 0.0796875 0.0796875
21 0.73125 0.46953125 0.0828125 0.0796875
11 0.79765625 0.47109375 0.0828125 0.0796875
24 0.86015625 0.475 0.084375 0.084375
21 0.9234375 0.47734375 0.0875 0.0796875