11 0.25703125 0.8234375 0.1625 0.15625
32 0.30390625 0.74140625 0.15 0.146875
12 0.3484375 0.6609375 0.1390625 0.140625
28 0.39140625 0.5890625 0.125 0.125
25 0.43125 0.5203125 0.1140625 0.1171875
34 0.465625 0.45625 0.10625 0.1109375
6 0.5 0.396875 0.10625 0.1109375
4 0.4703125 0.3234375 0.128125 0.1296875
3 0.53125 0.33828125 0.1078125 0.1125
33 0.5609375 0.2859375 0.10625 0.1109375
16 0.58984375 0.2328125 0.10625 0.1109375
21 0.61640625 0.18671875 0.1015625 0.10625
31 0.63984375 0.1421875 0.1015625 0.1046875
18 0.66328125 0.0984375 0.103125 0.10625