26 0.4640625 0.95390625 0.0796875 0.090625
24 0.459375 0.88671875 0.078125 0.0984375
19 0.45703125 0.815625 0.0765625 0.0953125
15 0.4546875 0.7453125 0.075 0.090625
18 0.45 0.67578125 0.0765625 0.0828125
20 0.44765625 0.60859375 0.075 0.0765625
13 0.44453125 0.54140625 0.0734375 0.0671875
35 0.4421875 0.47578125 0.075 0.0671875
14 0.43828125 0.41171875 0.071875 0.0703125
32 0.43828125 0.3484375 0.071875 0.071875
35 0.4328125 0.28671875 0.071875 0.0734375
25 0.43046875 0.2234375 0.0703125 0.078125
22 0.428125 0.1609375 0.0734375 0.0828125
34 0.42578125 0.1015625 0.071875 0.0875