36 0.18828125 0.49453125 0.078125 0.0796875
31 0.2328125 0.478125 0.078125 0.0796875
3 0.278125 0.4625 0.0796875 0.08125
27 0.32421875 0.4484375 0.078125 0.0796875
21 0.37265625 0.43203125 0.078125 0.0796875
36 0.4203125 0.415625 0.075 0.078125
29 0.4703125 0.39765625 0.078125 0.0796875
26 0.52421875 0.38046875 0.0828125 0.0859375
20 0.57578125 0.3609375 0.0828125 0.0859375
34 0.63359375 0.340625 0.090625 0.090625
10 0.690625 0.32109375 0.09375 0.090625
34 0.0640625 0.534375 0.0796875 0.078125
10 0.1046875 0.52109375 0.078125 0.078125
7 0.14765625 0.50703125 0.078125 0.078125