21 0.6234375 0.10703125 0.0828125 0.075
12 0.61484375 0.16328125 0.0859375 0.075
33 0.6046875 0.2234375 0.0859375 0.071875
8 0.596875 0.28125 0.0859375 0.071875
32 0.58671875 0.3453125 0.0859375 0.0703125
33 0.57734375 0.40859375 0.0859375 0.0703125
4 0.5703125 0.475 0.0875 0.0671875
25 0.56015625 0.54375 0.0875 0.0703125
36 0.5484375 0.61484375 0.0859375 0.0828125
12 0.5421875 0.68828125 0.0921875 0.0859375
7 0.53046875 0.76015625 0.09375 0.09375
24 0.5203125 0.83671875 0.090625 0.096875
30 0.5109375 0.91484375 0.0953125 0.10625