10 0.10078125 0.325 0.1296875 0.1140625
19 0.1765625 0.3515625 0.11875 0.109375
22 0.2484375 0.37890625 0.1140625 0.103125
8 0.3203125 0.40390625 0.10625 0.1015625
11 0.3890625 0.43046875 0.0984375 0.0984375
31 0.45546875 0.45390625 0.090625 0.09375
7 0.52265625 0.478125 0.0921875 0.09375
18 0.58515625 0.50078125 0.09375 0.09375
22 0.64765625 0.525 0.1015625 0.0953125
16 0.7078125 0.5484375 0.0984375 0.0921875
27 0.76875 0.56875 0.1015625 0.0953125
6 0.825 0.5875 0.10625 0.0984375
33 0.88046875 0.6109375 0.103125 0.0953125
5 0.93515625 0.628125 0.0984375 0.090625