5 0.3265625 0.90234375 0.1328125 0.1015625
9 0.3265625 0.8 0.134375 0.1015625
13 0.3265625 0.69765625 0.1328125 0.0984375
17 0.328125 0.5984375 0.134375 0.096875
21 0.32890625 0.49921875 0.13125 0.0984375
25 0.32890625 0.4015625 0.13125 0.096875
29 0.3296875 0.303125 0.1328125 0.1015625
33 0.33125 0.20234375 0.13125 0.0984375
36 0.33359375 0.10078125 0.1328125 0.096875
4 0.46171875 0.90078125 0.134375 0.103125
8 0.46171875 0.7984375 0.134375 0.1015625
12 0.4609375 0.696875 0.1328125 0.1015625
16 0.46171875 0.596875 0.1328125 0.0984375
20 0.46171875 0.4984375 0.13125 0.0984375
24 0.4625 0.4 0.1328125 0.1
28 0.46328125 0.3 0.1328125 0.0984375
32 0.465625 0.20234375 0.13125 0.1
35 0.4671875 0.10078125 0.1328125 0.1015625
3 0.596875 0.9015625 0.134375 0.103125
7 0.5953125 0.7984375 0.134375 0.1015625
11 0.5953125 0.696875 0.134375 0.0984375
15 0.59453125 0.596875 0.1328125 0.0984375
19 0.59375 0.4984375 0.1328125 0.0984375
23 0.5953125 0.39921875 0.1328125 0.1
27 0.596875 0.2984375 0.1328125 0.1
31 0.5984375 0.1984375 0.134375 0.1015625
34 0.60078125 0.09921875 0.134375 0.103125
22 0.734375 0.90390625 0.1390625 0.1015625
26 0.73203125 0.79921875 0.1375 0.10625
30 0.73125 0.6984375 0.1359375 0.1015625
6 0.73046875 0.59765625 0.1375 0.1
10 0.7296875 0.49765625 0.1359375 0.0984375
14 0.73125 0.396875 0.1375 0.1
18 0.73125 0.29765625 0.1359375 0.1015625