22 0.428125 0.95625 0.0640625 0.0859375
23 0.42734375 0.9015625 0.0625 0.0875
23 0.42734375 0.846875 0.065625 0.0875
17 0.4265625 0.7890625 0.0640625 0.0796875
13 0.4265625 0.72734375 0.0640625 0.0828125
25 0.42734375 0.6671875 0.0625 0.078125
16 0.42734375 0.6078125 0.0625 0.0734375
21 0.42734375 0.54609375 0.0625 0.0703125
10 0.4265625 0.4828125 0.0640625 0.0671875
30 0.42578125 0.41796875 0.06875 0.0671875
25 0.428125 0.3515625 0.06875 0.0703125
31 0.42890625 0.28515625 0.0671875 0.078125
30 0.428125 0.21484375 0.0703125 0.0796875
18 0.43046875 0.14453125 0.0703125 0.0875