26 0.165625 0.64453125 0.1421875 0.134375
24 0.2359375 0.59921875 0.1234375 0.121875
19 0.30078125 0.55625 0.109375 0.1109375
15 0.36171875 0.51875 0.096875 0.1015625
18 0.41484375 0.48046875 0.0921875 0.0984375
20 0.46796875 0.44765625 0.0859375 0.0953125
13 0.5171875 0.4171875 0.0875 0.09375
35 0.56015625 0.38828125 0.0875 0.090625
14 0.6015625 0.35859375 0.0859375 0.0890625
32 0.64140625 0.33125 0.084375 0.0890625
35 0.68125 0.3046875 0.0859375 0.090625
25 0.71875 0.28125 0.0859375 0.0875
22 0.75390625 0.25859375 0.0859375 0.0859375
34 0.7859375 0.2359375 0.084375 0.084375