16 0.5265625 0.1375 0.075 0.08125
12 0.5265625 0.2015625 0.075 0.0796875
31 0.52890625 0.26484375 0.071875 0.0765625
29 0.528125 0.32890625 0.071875 0.071875
10 0.53125 0.3921875 0.075 0.0703125
16 0.5296875 0.4546875 0.075 0.0640625
25 0.53046875 0.515625 0.0703125 0.0609375
18 0.59765625 0.52578125 0.059375 0.0859375
27 0.53203125 0.57890625 0.0703125 0.0625
13 0.5328125 0.64140625 0.071875 0.06875
19 0.53046875 0.703125 0.0703125 0.071875
12 0.5328125 0.7640625 0.071875 0.075
30 0.5328125 0.8265625 0.071875 0.0765625
8 0.5328125 0.8859375 0.071875 0.075