18 0.07890625 0.4171875 0.0921875 0.0875
21 0.13828125 0.4140625 0.090625 0.090625
5 0.2 0.4109375 0.0890625 0.0921875
6 0.2640625 0.40859375 0.0890625 0.0890625
23 0.3296875 0.40703125 0.0828125 0.090625
30 0.3953125 0.40390625 0.0828125 0.09375
22 0.46171875 0.4 0.08125 0.090625
30 0.53046875 0.396875 0.078125 0.09375
11 0.60234375 0.39375 0.0859375 0.09375
17 0.6734375 0.39296875 0.0890625 0.09375
8 0.6921875 0.3140625 0.1171875 0.0828125
27 0.74140625 0.3875 0.090625 0.096875
11 0.81640625 0.38515625 0.0984375 0.0984375
3 0.8921875 0.38203125 0.1015625 0.0984375