26 0.55390625 0.04375 0.090625 0.0875
23 0.5515625 0.1140625 0.0859375 0.096875
20 0.553125 0.190625 0.0921875 0.0953125
34 0.55234375 0.26640625 0.09375 0.0875
28 0.5515625 0.3421875 0.090625 0.0859375
10 0.55 0.41875 0.0875 0.078125
7 0.55 0.4953125 0.0875 0.078125
29 0.55 0.5703125 0.0875 0.078125
35 0.5515625 0.64921875 0.0859375 0.08125
21 0.64375 0.71640625 0.0765625 0.1140625
16 0.55234375 0.725 0.09375 0.0859375
4 0.55 0.8 0.090625 0.09375
15 0.553125 0.875 0.0875 0.1
6 0.55 0.95078125 0.090625 0.096875