5 0.24140625 0.23984375 0.165625 0.165625
35 0.32109375 0.30546875 0.15 0.1515625
14 0.3921875 0.3640625 0.1421875 0.14375
4 0.4578125 0.41875 0.134375 0.1359375
17 0.5171875 0.465625 0.1265625 0.1265625
9 0.56953125 0.51171875 0.125 0.125
3 0.6203125 0.55078125 0.1203125 0.121875
5 0.6671875 0.590625 0.1171875 0.11875
35 0.7390625 0.546875 0.1203125 0.11875
34 0.71015625 0.6265625 0.1171875 0.1171875
21 0.74921875 0.659375 0.109375 0.109375
11 0.78828125 0.69140625 0.10625 0.10625
24 0.8234375 0.72109375 0.1 0.1015625
21 0.8546875 0.75078125 0.0984375 0.0984375