26 0.61640625 0.06875 0.078125 0.078125
25 0.61171875 0.1203125 0.08125 0.078125
9 0.6078125 0.17265625 0.084375 0.0765625
13 0.6015625 0.22734375 0.0859375 0.0796875
5 0.5953125 0.28671875 0.0875 0.08125
4 0.5875 0.346875 0.0859375 0.078125
22 0.58046875 0.41171875 0.0890625 0.078125
18 0.57421875 0.4796875 0.09375 0.0765625
16 0.56484375 0.55234375 0.09375 0.075
5 0.6453125 0.5984375 0.0828125 0.109375
33 0.55859375 0.63125 0.0953125 0.0828125
3 0.546875 0.71171875 0.1015625 0.09375
22 0.53359375 0.7984375 0.10625 0.1046875
23 0.521875 0.89140625 0.1046875 0.1171875