35 0.44453125 0.92578125 0.1265625 0.090625
20 0.3921875 0.5984375 0.134375 0.1171875
19 0.3640625 0.20859375 0.1625 0.1640625
10 0.6890625 0.80390625 0.0796875 0.121875
15 0.6375 0.6703125 0.1046875 0.1140625
36 0.58203125 0.575 0.10625 0.1328125
21 0.74296875 0.70703125 0.0953125 0.115625
12 0.69609375 0.53359375 0.0984375 0.109375
9 0.73671875 0.3390625 0.1015625 0.1296875
23 0.78203125 0.2484375 0.0890625 0.1328125
28 0.603125 0.259375 0.1265625 0.140625
8 0.67109375 0.16953125 0.109375 0.0984375