11 0.5828125 0.0421875 0.09375 0.084375
21 0.5796875 0.11015625 0.0890625 0.090625
14 0.5828125 0.18671875 0.090625 0.084375
9 0.578125 0.25859375 0.090625 0.0828125
12 0.57734375 0.32890625 0.0875 0.0765625
32 0.5734375 0.4015625 0.0875 0.075
19 0.571875 0.471875 0.0859375 0.071875
16 0.565625 0.54296875 0.0859375 0.071875
12 0.5671875 0.6109375 0.0875 0.0828125
36 0.64765625 0.66171875 0.071875 0.1046875
6 0.5671875 0.6828125 0.0875 0.0828125
13 0.55859375 0.7546875 0.084375 0.0859375
13 0.55390625 0.8265625 0.0875 0.0859375
5 0.54609375 0.89453125 0.0859375 0.0875