7 0.43515625 0.8234375 0.125 0.1140625
21 0.42890625 0.7171875 0.115625 0.1015625
15 0.425 0.6234375 0.109375 0.096875
14 0.42109375 0.540625 0.1046875 0.09375
8 0.41640625 0.465625 0.096875 0.090625
32 0.4125 0.396875 0.096875 0.090625
25 0.32734375 0.31015625 0.08125 0.09375
23 0.41171875 0.3328125 0.090625 0.0875
5 0.40703125 0.27265625 0.0875 0.0828125
36 0.40546875 0.21875 0.08125 0.0765625
36 0.403125 0.1703125 0.08125 0.075
8 0.4 0.125 0.078125 0.071875
17 0.39765625 0.0828125 0.075 0.0734375
25 0.39609375 0.04375 0.075 0.0703125