25 0.1390625 0.29140625 0.2234375 0.2234375
28 0.27421875 0.3296875 0.1921875 0.2015625
30 0.3921875 0.365625 0.16875 0.18125
35 0.48984375 0.396875 0.15625 0.1671875
6 0.575 0.42734375 0.1515625 0.1609375
28 0.6484375 0.4515625 0.1421875 0.15
9 0.71484375 0.47421875 0.1375 0.14375
23 0.77421875 0.49296875 0.128125 0.1328125
3 0.85078125 0.425 0.1453125 0.1328125
16 0.8296875 0.51171875 0.121875 0.1265625
13 0.87578125 0.52734375 0.115625 0.121875
8 0.91796875 0.54140625 0.1109375 0.11875
31 0.9515625 0.55390625 0.0953125 0.109375
21 0.96875 0.5640625 0.0609375 0.10625