26 0.290625 0.12578125 0.1046875 0.1046875
24 0.3234375 0.16484375 0.103125 0.103125
19 0.36015625 0.20234375 0.1015625 0.1015625
15 0.39375 0.24296875 0.1015625 0.1015625
18 0.43046875 0.28125 0.0984375 0.0984375
20 0.465625 0.325 0.096875 0.096875
13 0.5046875 0.365625 0.0984375 0.0984375
35 0.54140625 0.40703125 0.0984375 0.0984375
14 0.58125 0.45 0.0984375 0.0984375
32 0.6234375 0.49609375 0.0984375 0.0984375
35 0.665625 0.54375 0.103125 0.1015625
25 0.709375 0.59296875 0.1046875 0.1046875
22 0.75390625 0.64375 0.1140625 0.1140625
34 0.8015625 0.69609375 0.11875 0.11875