5 0.159375 0.725 0.15 0.146875
26 0.22734375 0.659375 0.1328125 0.1328125
13 0.290625 0.6 0.121875 0.125
5 0.35078125 0.54609375 0.1140625 0.1171875
33 0.403125 0.49609375 0.109375 0.1109375
18 0.45390625 0.45078125 0.109375 0.1125
11 0.5 0.4078125 0.103125 0.1046875
21 0.54375 0.36796875 0.103125 0.1046875
33 0.51640625 0.30625 0.1140625 0.109375
26 0.584375 0.33046875 0.103125 0.1015625
35 0.61953125 0.2921875 0.096875 0.0984375
23 0.65234375 0.2546875 0.090625 0.0921875
29 0.68046875 0.2265625 0.090625 0.0921875
18 0.71171875 0.1984375 0.090625 0.0921875