24 0.19296875 0.165625 0.1296875 0.1234375
13 0.253125 0.209375 0.128125 0.121875
24 0.3171875 0.2515625 0.125 0.1171875
31 0.38359375 0.2921875 0.1171875 0.1125
10 0.44453125 0.33671875 0.1171875 0.1125
27 0.559375 0.325 0.1328125 0.1265625
8 0.50859375 0.37734375 0.103125 0.1015625
32 0.575 0.42109375 0.103125 0.103125
15 0.63515625 0.46171875 0.1046875 0.103125
22 0.70078125 0.496875 0.109375 0.10625
23 0.759375 0.53671875 0.1140625 0.1109375
27 0.8171875 0.57890625 0.11875 0.1140625
27 0.8765625 0.62109375 0.11875 0.1140625
17 0.93359375 0.66640625 0.1265625 0.1203125