5 0.053125 0.425 0.103125 0.08125
20 0.13125 0.42265625 0.1 0.078125
8 0.20703125 0.421875 0.0921875 0.0828125
13 0.28125 0.42109375 0.090625 0.0796875
7 0.35703125 0.41796875 0.0828125 0.0796875
35 0.42890625 0.415625 0.0734375 0.0765625
26 0.50078125 0.4125 0.075 0.078125
34 0.5734375 0.4125 0.0703125 0.0796875
4 0.6390625 0.41015625 0.0765625 0.0796875
33 0.70859375 0.40703125 0.0796875 0.075
12 0.77265625 0.40625 0.0828125 0.0765625
4 0.8390625 0.40546875 0.084375 0.075
19 0.9 0.403125 0.0875 0.075
24 0.95859375 0.39921875 0.0796875 0.0703125