14 0.58359375 0.0453125 0.0703125 0.090625
23 0.58359375 0.1046875 0.0703125 0.0953125
30 0.584375 0.165625 0.0703125 0.09375
5 0.58359375 0.23359375 0.0703125 0.0890625
20 0.58359375 0.2984375 0.0703125 0.084375
22 0.5828125 0.36640625 0.0703125 0.0828125
9 0.58359375 0.434375 0.0703125 0.075
17 0.58515625 0.503125 0.0703125 0.0703125
16 0.584375 0.57421875 0.0703125 0.071875
4 0.584375 0.64453125 0.0703125 0.078125
15 0.5859375 0.7171875 0.0703125 0.084375
23 0.5875 0.78828125 0.0734375 0.0859375
18 0.5875 0.8609375 0.075 0.0921875
23 0.5875 0.9328125 0.075 0.0984375