3 0.51875 0.0625 0.1078125 0.125
12 0.5359375 0.1578125 0.1 0.1203125
10 0.55546875 0.2546875 0.0984375 0.1
20 0.56953125 0.34453125 0.09375 0.0890625
13 0.5859375 0.428125 0.0953125 0.0828125
9 0.5953125 0.5046875 0.090625 0.084375
16 0.60859375 0.5765625 0.090625 0.0828125
33 0.690625 0.6515625 0.08125 0.109375
6 0.62109375 0.64296875 0.084375 0.0875
30 0.63203125 0.7046875 0.084375 0.084375
15 0.64375 0.7640625 0.084375 0.084375
12 0.65390625 0.81875 0.0796875 0.0828125
3 0.66328125 0.8734375 0.078125 0.08125
26 0.67109375 0.9203125 0.0765625 0.0828125