20 0.53828125 0.05546875 0.0734375 0.1109375
24 0.55 0.1296875 0.0734375 0.1078125
30 0.55859375 0.209375 0.0765625 0.1015625
34 0.56953125 0.2859375 0.0765625 0.1
27 0.58125 0.3609375 0.075 0.090625
20 0.58984375 0.4359375 0.071875 0.0828125
34 0.603125 0.5109375 0.0734375 0.078125
14 0.6765625 0.58046875 0.0671875 0.1203125
7 0.6140625 0.58515625 0.071875 0.0921875
8 0.62578125 0.6546875 0.078125 0.09375
17 0.63515625 0.7265625 0.075 0.0953125
31 0.64375 0.79609375 0.0734375 0.1015625
4 0.6546875 0.8640625 0.0734375 0.103125
35 0.66484375 0.9296875 0.0734375 0.1078125