32 0.09609375 0.4046875 0.0828125 0.0625
16 0.1484375 0.4078125 0.084375 0.0640625
3 0.20390625 0.4109375 0.0828125 0.0671875
11 0.259375 0.415625 0.084375 0.0671875
36 0.3203125 0.4171875 0.084375 0.0703125
30 0.3796875 0.42109375 0.0765625 0.06875
29 0.44609375 0.43046875 0.078125 0.0703125
14 0.51328125 0.434375 0.075 0.071875
11 0.48515625 0.3640625 0.0984375 0.0671875
22 0.584375 0.43984375 0.0703125 0.0703125
32 0.6578125 0.4390625 0.0765625 0.0703125
26 0.7359375 0.44375 0.0875 0.0734375
22 0.815625 0.446875 0.090625 0.075
14 0.8984375 0.45234375 0.103125 0.075