20 0.209375 0.12578125 0.1171875 0.1109375
24 0.25859375 0.16484375 0.1109375 0.1078125
30 0.30625 0.2015625 0.1109375 0.109375
34 0.35546875 0.240625 0.109375 0.1078125
27 0.4078125 0.28046875 0.1078125 0.10625
20 0.4578125 0.32109375 0.103125 0.103125
34 0.51484375 0.3625 0.1015625 0.103125
7 0.5734375 0.4046875 0.1015625 0.1046875
14 0.60234375 0.3390625 0.125 0.115625
8 0.634375 0.45 0.1109375 0.109375
17 0.69296875 0.49453125 0.11875 0.1140625
31 0.75390625 0.5453125 0.121875 0.115625
4 0.81640625 0.59140625 0.1296875 0.1203125
35 0.88359375 0.63828125 0.1375 0.1265625