33 0.4 0.925 0.059375 0.0984375
5 0.40234375 0.8546875 0.0609375 0.0953125
29 0.4015625 0.784375 0.059375 0.0890625
25 0.39921875 0.7171875 0.059375 0.0859375
6 0.4 0.646875 0.059375 0.08125
16 0.4 0.578125 0.059375 0.075
36 0.4 0.50859375 0.059375 0.0671875
13 0.33984375 0.50625 0.053125 0.1015625
23 0.39921875 0.43828125 0.0625 0.071875
10 0.396875 0.3734375 0.0625 0.078125
31 0.4 0.303125 0.0625 0.0828125
26 0.39921875 0.23515625 0.0609375 0.0875
8 0.4015625 0.1671875 0.0609375 0.0875
18 0.4015625 0.10078125 0.059375 0.1