3 0.0625 0.3765625 0.09375 0.0640625
12 0.1234375 0.3796875 0.090625 0.0671875
10 0.1828125 0.37890625 0.090625 0.0703125
20 0.24296875 0.38203125 0.090625 0.0671875
13 0.30703125 0.38515625 0.0859375 0.071875
9 0.37109375 0.38984375 0.084375 0.0765625
16 0.4390625 0.3953125 0.0796875 0.0703125
33 0.4828125 0.33203125 0.109375 0.0640625
6 0.509375 0.39921875 0.075 0.0703125
30 0.58359375 0.4 0.0796875 0.071875
15 0.66171875 0.40234375 0.0859375 0.071875
12 0.740625 0.40546875 0.090625 0.0765625
3 0.82109375 0.4109375 0.0984375 0.075
26 0.90546875 0.41328125 0.1109375 0.08125