25 0.096875 0.6921875 0.1140625 0.1140625
28 0.14453125 0.659375 0.1140625 0.1140625
30 0.1921875 0.6234375 0.1125 0.1140625
35 0.24140625 0.5875 0.1125 0.1140625
6 0.29375 0.5546875 0.1171875 0.1171875
28 0.3484375 0.51875 0.1140625 0.115625
9 0.4046875 0.4796875 0.1140625 0.115625
23 0.46328125 0.43984375 0.1171875 0.11875
3 0.4171875 0.37578125 0.128125 0.1265625
16 0.5265625 0.4 0.1171875 0.1171875
13 0.59375 0.3546875 0.1296875 0.1296875
8 0.65859375 0.30703125 0.1375 0.1375
31 0.7328125 0.2609375 0.1453125 0.1453125
21 0.803125 0.2109375 0.15 0.1484375