16 0.09375 0.4046875 0.0859375 0.084375
12 0.15078125 0.41015625 0.0875 0.0828125
31 0.2078125 0.41640625 0.090625 0.0859375
29 0.26640625 0.4234375 0.09375 0.0875
10 0.32890625 0.43046875 0.090625 0.0875
16 0.3921875 0.43828125 0.0859375 0.0875
25 0.459375 0.44453125 0.0828125 0.0875
18 0.4640625 0.36875 0.1109375 0.078125
27 0.528125 0.45234375 0.0828125 0.0890625
13 0.5984375 0.4609375 0.0859375 0.0921875
19 0.6734375 0.46796875 0.0859375 0.09375
12 0.753125 0.478125 0.09375 0.096875
30 0.83125 0.4859375 0.1015625 0.0984375
8 0.91484375 0.49609375 0.1078125 0.10625