14 0.0453125 0.52109375 0.090625 0.0890625
23 0.096875 0.50703125 0.1078125 0.0890625
30 0.15625 0.49296875 0.1078125 0.090625
5 0.221875 0.478125 0.1015625 0.0875
20 0.28515625 0.4640625 0.0984375 0.0875
22 0.3515625 0.45 0.0953125 0.0875
9 0.4171875 0.434375 0.0890625 0.0859375
17 0.48359375 0.41640625 0.0828125 0.0828125
16 0.55390625 0.4015625 0.0859375 0.0859375
4 0.621875 0.38515625 0.0921875 0.0859375
15 0.6921875 0.36796875 0.0984375 0.0875
23 0.76171875 0.35 0.1015625 0.090625
18 0.8328125 0.334375 0.10625 0.09375
23 0.90234375 0.3171875 0.1140625 0.0953125