20 0.65859375 0.25078125 0.109375 0.1359375
6 0.36328125 0.3609375 0.115625 0.1640625
25 0.24609375 0.63125 0.178125 0.15625
26 0.39609375 0.534375 0.1328125 0.1609375
13 0.48828125 0.46015625 0.0953125 0.1453125
5 0.60234375 0.47109375 0.1140625 0.1359375
7 0.69140625 0.51875 0.0984375 0.1125
13 0.75859375 0.615625 0.0828125 0.08125
21 0.66015625 0.6359375 0.0921875 0.0859375
21 0.734375 0.7234375 0.078125 0.10625
10 0.59296875 0.73359375 0.1015625 0.0875
33 0.5671875 0.81640625 0.1046875 0.0921875