16 0.1375 0.4734375 0.08125 0.075
12 0.2015625 0.4734375 0.0796875 0.075
31 0.26484375 0.47109375 0.0765625 0.071875
29 0.32890625 0.471875 0.071875 0.071875
10 0.3921875 0.46875 0.0703125 0.075
16 0.4546875 0.4703125 0.0640625 0.075
25 0.515625 0.46953125 0.0609375 0.0703125
18 0.52578125 0.40234375 0.0859375 0.059375
27 0.57890625 0.46796875 0.0625 0.071875
13 0.64140625 0.4671875 0.06875 0.071875
19 0.703125 0.46953125 0.071875 0.0703125
12 0.7640625 0.4671875 0.075 0.071875
30 0.8265625 0.4671875 0.0765625 0.071875
8 0.8859375 0.4671875 0.075 0.071875