14 0.1875 0.16015625 0.1140625 0.109375
23 0.23515625 0.19609375 0.1171875 0.1125
30 0.284375 0.23203125 0.1171875 0.1125
5 0.33828125 0.27265625 0.1125 0.109375
20 0.38984375 0.3125 0.109375 0.10625
22 0.44296875 0.35390625 0.109375 0.10625
9 0.4984375 0.39375 0.1015625 0.1015625
17 0.55390625 0.434375 0.096875 0.096875
16 0.61015625 0.47734375 0.1 0.1
4 0.66640625 0.5203125 0.1046875 0.1015625
15 0.72578125 0.56171875 0.109375 0.10625
23 0.7828125 0.60390625 0.1140625 0.1109375
18 0.84140625 0.64765625 0.11875 0.115625
23 0.89921875 0.69140625 0.125 0.11875