20 0.13125 0.3625 0.071875 0.075
27 0.18359375 0.3640625 0.0765625 0.075
28 0.240625 0.36328125 0.075 0.0765625
7 0.29765625 0.36484375 0.075 0.08125
23 0.35703125 0.3671875 0.0734375 0.0796875
35 0.41640625 0.3703125 0.075 0.0796875
32 0.48125 0.3734375 0.0734375 0.084375
22 0.54765625 0.37578125 0.0703125 0.0859375
33 0.6171875 0.378125 0.075 0.090625
29 0.6921875 0.38203125 0.078125 0.0921875
34 0.66484375 0.29609375 0.10625 0.075
7 0.76875 0.3875 0.0859375 0.090625
5 0.84609375 0.390625 0.096875 0.0921875
7 0.92890625 0.39609375 0.103125 0.096875