24 0.06953125 0.490625 0.1390625 0.1203125
13 0.171875 0.46796875 0.11875 0.1140625
24 0.2625 0.4453125 0.109375 0.1078125
31 0.35078125 0.42109375 0.096875 0.1078125
10 0.43125 0.40546875 0.090625 0.0984375
8 0.503125 0.38515625 0.090625 0.096875
27 0.51875 0.303125 0.1171875 0.09375
32 0.571875 0.36875 0.0921875 0.09375
15 0.63203125 0.35546875 0.090625 0.0921875
22 0.6921875 0.33515625 0.084375 0.090625
23 0.74375 0.32265625 0.090625 0.0859375
27 0.7984375 0.31328125 0.0921875 0.0859375
27 0.85 0.30234375 0.090625 0.08125
17 0.8984375 0.29375 0.0875 0.0796875