32 0.4546875 0.93125 0.0578125 0.1140625
16 0.45 0.85234375 0.05625 0.1046875
3 0.446875 0.77890625 0.0578125 0.0984375
11 0.4421875 0.7015625 0.05625 0.0890625
36 0.43828125 0.628125 0.0546875 0.084375
30 0.434375 0.5546875 0.05625 0.075
29 0.43828125 0.47890625 0.059375 0.0734375
11 0.3734375 0.415625 0.0515625 0.109375
14 0.434375 0.40546875 0.05625 0.08125
22 0.4265625 0.334375 0.0625 0.0828125
32 0.41875 0.2640625 0.0625 0.0875
26 0.4140625 0.1921875 0.0625 0.09375
22 0.4125 0.12421875 0.0578125 0.1015625
14 0.40703125 0.05625 0.0578125 0.1046875