33 0.1734375 0.39140625 0.1296875 0.1265625
21 0.2640625 0.40546875 0.11875 0.1234375
32 0.35078125 0.4203125 0.103125 0.1140625
26 0.428125 0.434375 0.0984375 0.1078125
32 0.50078125 0.44609375 0.0953125 0.1078125
10 0.56796875 0.4578125 0.0984375 0.1078125
36 0.6296875 0.4671875 0.096875 0.103125
34 0.68828125 0.47578125 0.0953125 0.0984375
29 0.74375 0.40703125 0.1234375 0.090625
29 0.746875 0.4875 0.096875 0.0984375
28 0.8 0.49921875 0.09375 0.0953125
26 0.85078125 0.50859375 0.0875 0.0921875
4 0.89921875 0.5171875 0.0875 0.090625
19 0.94453125 0.525 0.0875 0.090625