26 0.159375 0.24609375 0.0953125 0.1015625
23 0.2109375 0.271875 0.0953125 0.1015625
20 0.2640625 0.29375 0.0984375 0.1
34 0.3234375 0.31953125 0.09375 0.103125
28 0.378125 0.34375 0.0984375 0.1015625
10 0.43984375 0.36953125 0.09375 0.10625
7 0.50234375 0.39921875 0.0984375 0.1125
29 0.565625 0.428125 0.1015625 0.1109375
35 0.63359375 0.45546875 0.10625 0.1140625
21 0.72734375 0.39453125 0.134375 0.115625
16 0.703125 0.48203125 0.1171875 0.1203125
4 0.778125 0.515625 0.121875 0.1265625
15 0.85390625 0.55 0.125 0.125
6 0.93046875 0.5828125 0.1328125 0.1328125