33 0.07734375 0.39375 0.0984375 0.0609375
5 0.14765625 0.396875 0.096875 0.0625
29 0.21796875 0.396875 0.090625 0.0625
25 0.2859375 0.3953125 0.0875 0.0609375
6 0.35546875 0.39765625 0.0828125 0.0609375
16 0.42421875 0.3984375 0.075 0.0609375
36 0.49375 0.4 0.06875 0.0609375
13 0.496875 0.33984375 0.1015625 0.0546875
23 0.5640625 0.4 0.071875 0.0625
10 0.6296875 0.39921875 0.078125 0.0625
31 0.7 0.403125 0.0828125 0.0625
26 0.7671875 0.4046875 0.0890625 0.0625
8 0.834375 0.40703125 0.0875 0.0625
18 0.90078125 0.4078125 0.1015625 0.0609375